{"aca_avg": 0.8622, "aca_std": 0.0097, "kappa_avg": 0.9122, "kappa_std": 0.0119, "acc_class_avg": [0.9624, 0.9088, 0.8338, 0.993, 0.8874, 0.7918, 0.8724, 0.706, 0.8042], "acc_class_std": [0.0313, 0.0151, 0.0648, 0.0059, 0.037, 0.0937, 0.0468, 0.1021, 0.0664], "f1_avg_avg": 0.8583, "f1_avg_std": 0.0098, "auc_avg_avg": 0.9481, "auc_avg_std": 0.0041, "auc_class_avg": [0.983, 0.9328, 0.934, 0.9916, 0.9626, 0.9472, 0.9572, 0.883, 0.9416], "auc_class_std": [0.0048, 0.0269, 0.0145, 0.0027, 0.0113, 0.0041, 0.0331, 0.0296, 0.0183], "f1_class_avg": [0.9514, 0.937, 0.873, 0.957, 0.8414, 0.798, 0.8156, 0.6954, 0.8558], "f1_class_std": [0.0132, 0.0087, 0.0299, 0.0121, 0.0281, 0.0397, 0.0299, 0.0498, 0.0273], "sensitivity_class_avg": [0.9624, 0.9088, 0.8338, 0.993, 0.8874, 0.7918, 0.8724, 0.706, 0.8042], "sensitivity_class_std": [0.0313, 0.0151, 0.0648, 0.0059, 0.037, 0.0937, 0.0468, 0.1021, 0.0664], "sensitivity_avg_avg": 0.8622, "sensitivity_avg_std": 0.0096, "specificity_class_avg": [0.9932, 0.9966, 0.9906, 0.9894, 0.9782, 0.9708, 0.9742, 0.961, 0.988], "specificity_class_std": [0.0035, 0.0014, 0.0044, 0.0042, 0.0053, 0.0119, 0.0096, 0.0302, 0.0085], "specificity_avg_avg": 0.9824, "specificity_avg_std": 0.0016, "cm_avg": [[10016.0, 43.2, 2.0, 0.0, 316.4, 10.8, 2.6, 14.0, 2.0], [283.2, 9602.0, 130.2, 63.2, 445.8, 14.0, 1.6, 23.0, 3.0], [32.2, 213.6, 9598.6, 333.2, 21.4, 237.2, 24.4, 814.0, 237.4], [0.0, 0.0, 10.2, 11472.8, 0.0, 0.0, 9.8, 53.0, 11.2], [99.8, 2.0, 47.8, 5.8, 7894.6, 44.6, 474.0, 280.4, 47.0], [190.2, 29.8, 267.0, 10.2, 336.8, 10719.6, 20.2, 1873.4, 88.8], [12.0, 0.4, 10.4, 123.0, 349.6, 0.0, 7647.8, 29.0, 590.8], [10.2, 34.4, 261.6, 29.2, 439.2, 2211.8, 28.8, 7372.6, 58.2], [4.6, 1.2, 117.4, 386.6, 73.2, 15.0, 1801.8, 403.6, 11513.6]], "cm_std": [[325.4615, 11.2499, 2.6077, 0.0, 310.5026, 5.7061, 1.9596, 11.2071, 2.7568], [324.165, 157.0771, 153.8563, 64.9135, 252.2565, 14.7513, 3.2, 28.0713, 6.0], [17.186, 95.6506, 748.9509, 147.0992, 20.5679, 265.6911, 25.8658, 868.8988, 208.9331], [0.0, 0.0, 10.9252, 69.6172, 0.0, 0.0, 10.4957, 53.7513, 8.6348], [56.5275, 2.5298, 35.7737, 6.8527, 331.3739, 43.2, 442.7573, 201.0061, 48.183], [78.042, 31.8145, 233.1986, 6.2738, 156.3015, 1269.6805, 13.5558, 1209.3871, 105.5375], [14.519, 0.4899, 9.8102, 96.025, 166.5912, 0.0, 409.7221, 22.1901, 350.6299], [5.0359, 35.6741, 150.8941, 33.5404, 274.8086, 826.7825, 22.4268, 1065.9309, 37.8703], [3.4409, 1.1662, 69.4942, 146.9865, 28.2163, 16.6853, 797.6068, 560.0802, 950.2755]], "cm_norm_avg": [[0.9624, 0.0042, 0.0002, 0.0, 0.0304, 0.001, 0.0002, 0.0013, 0.0002], [0.0268, 0.9088, 0.0123, 0.006, 0.0422, 0.0013, 0.0002, 0.0022, 0.0003], [0.0028, 0.0186, 0.8338, 0.0289, 0.0019, 0.0206, 0.0021, 0.0707, 0.0206], [0.0, 0.0, 0.0009, 0.9927, 0.0, 0.0, 0.0008, 0.0046, 0.001], [0.0112, 0.0002, 0.0054, 0.0007, 0.8874, 0.005, 0.0533, 0.0315, 0.0053], [0.0141, 0.0022, 0.0197, 0.0008, 0.0249, 0.7919, 0.0015, 0.1384, 0.0066], [0.0014, 0.0, 0.0012, 0.014, 0.0399, 0.0, 0.8727, 0.0033, 0.0674], [0.001, 0.0033, 0.025, 0.0028, 0.042, 0.2117, 0.0028, 0.7058, 0.0056], [0.0003, 0.0001, 0.0082, 0.027, 0.0051, 0.001, 0.1259, 0.0282, 0.8042]], "cm_norm_std": [[0.0313, 0.0011, 0.0003, 0.0, 0.0298, 0.0005, 0.0002, 0.0011, 0.0003], [0.0307, 0.0149, 0.0146, 0.0061, 0.0239, 0.0014, 0.0003, 0.0027, 0.0006], [0.0015, 0.0083, 0.0651, 0.0128, 0.0018, 0.0231, 0.0022, 0.0755, 0.0181], [0.0, 0.0, 0.0009, 0.006, 0.0, 0.0, 0.0009, 0.0047, 0.0007], [0.0064, 0.0003, 0.004, 0.0008, 0.0372, 0.0049, 0.0498, 0.0226, 0.0054], [0.0058, 0.0024, 0.0172, 0.0005, 0.0115, 0.0938, 0.001, 0.0893, 0.0078], [0.0017, 0.0001, 0.0011, 0.011, 0.019, 0.0, 0.0468, 0.0025, 0.04], [0.0005, 0.0034, 0.0144, 0.0032, 0.0263, 0.0791, 0.0021, 0.102, 0.0036], [0.0002, 0.0001, 0.0049, 0.0103, 0.002, 0.0012, 0.0557, 0.0391, 0.0664]]}