{"aca_avg": 0.7641, "aca_std": 0.0147, "kappa_avg": 0.6832, "kappa_std": 0.0425, "acc_class_avg": [0.89, 0.6732, 0.72, 0.6024, 0.9106, 0.6442, 0.9728, 0.9406, 0.523, 0.7152, 0.5966, 0.9828, 0.6144, 0.8674, 0.5932, 0.9788], "acc_class_std": [0.0459, 0.0578, 0.1586, 0.1025, 0.0489, 0.1811, 0.04, 0.043, 0.1564, 0.1491, 0.1216, 0.0087, 0.1385, 0.0485, 0.1504, 0.0048], "f1_avg_avg": 0.6795, "f1_avg_std": 0.0301, "auc_avg_avg": 0.8739, "auc_avg_std": 0.008, "auc_class_avg": [0.938, 0.8216, 0.85, 0.7848, 0.9512, 0.8152, 0.9818, 0.969, 0.7524, 0.851, 0.7798, 0.9906, 0.797, 0.9226, 0.7892, 0.9878], "auc_class_std": [0.0209, 0.0298, 0.0718, 0.0499, 0.0229, 0.0893, 0.019, 0.0213, 0.0677, 0.0717, 0.0598, 0.004, 0.0644, 0.0212, 0.0715, 0.0032], "f1_class_avg": [0.7758, 0.639, 0.5946, 0.6528, 0.8304, 0.51, 0.4022, 0.9492, 0.3972, 0.7684, 0.323, 0.9852, 0.67, 0.7022, 0.7014, 0.9712], "f1_class_std": [0.0358, 0.0646, 0.0818, 0.0774, 0.028, 0.1046, 0.1487, 0.0204, 0.0928, 0.0869, 0.0747, 0.0039, 0.0814, 0.0806, 0.1052, 0.0143], "sensitivity_class_avg": [0.89, 0.6732, 0.72, 0.6024, 0.9106, 0.6442, 0.9728, 0.9406, 0.523, 0.7152, 0.5966, 0.9828, 0.6144, 0.8674, 0.5932, 0.9788], "sensitivity_class_std": [0.0459, 0.0578, 0.1586, 0.1025, 0.0489, 0.1811, 0.04, 0.043, 0.1564, 0.1491, 0.1216, 0.0087, 0.1385, 0.0485, 0.1504, 0.0048], "sensitivity_avg_avg": 0.7641, "sensitivity_avg_std": 0.0147, "specificity_class_avg": [0.986, 0.9702, 0.9804, 0.9674, 0.9914, 0.9866, 0.9908, 0.9968, 0.982, 0.987, 0.9632, 0.998, 0.9792, 0.9778, 0.9852, 0.996], "specificity_class_std": [0.0055, 0.0127, 0.017, 0.01, 0.0038, 0.0048, 0.007, 0.001, 0.0214, 0.0087, 0.0124, 0.0009, 0.0141, 0.0124, 0.01, 0.0028], "specificity_avg_avg": 0.9836, "specificity_avg_std": 0.0021, "cm_avg": [[822.4, 0.2, 48.0, 4.4, 0.6, 11.2, 0.0, 0.6, 1.6, 1.6, 10.0, 0.0, 2.4, 6.4, 14.0, 0.6], [1.8, 1185.8, 0.2, 114.6, 47.2, 4.0, 4.2, 0.0, 21.2, 25.2, 23.8, 0.8, 196.4, 93.4, 36.2, 7.2], [54.4, 4.0, 481.6, 10.4, 6.4, 31.0, 0.6, 0.0, 0.0, 0.6, 27.0, 0.0, 0.4, 0.0, 52.6, 0.0], [148.0, 175.2, 40.4, 2090.4, 37.4, 40.0, 0.4, 39.8, 52.6, 238.0, 57.8, 0.2, 242.6, 228.6, 57.8, 20.8], [1.6, 18.4, 0.6, 5.2, 745.0, 9.6, 2.0, 0.2, 8.8, 0.0, 7.8, 2.8, 0.2, 6.0, 8.2, 1.6], [6.8, 0.6, 6.6, 3.2, 5.2, 282.8, 1.4, 1.2, 1.8, 1.0, 94.4, 1.2, 0.0, 0.0, 32.0, 0.8], [0.0, 0.2, 0.0, 0.0, 0.0, 0.0, 64.2, 0.0, 0.0, 0.0, 0.0, 0.0, 0.0, 0.0, 1.6, 0.0], [4.4, 0.4, 0.0, 4.8, 0.0, 17.8, 4.8, 1874.0, 43.4, 9.2, 1.2, 0.0, 2.8, 25.2, 4.0, 0.0], [7.0, 4.4, 4.2, 13.8, 17.0, 16.8, 4.4, 6.2, 170.0, 24.4, 5.4, 0.8, 12.4, 18.2, 2.8, 17.2], [23.2, 54.0, 0.4, 278.4, 2.4, 19.4, 7.2, 20.4, 273.0, 1868.0, 1.6, 0.0, 22.4, 26.4, 9.2, 7.0], [0.2, 14.2, 5.4, 0.8, 5.0, 62.6, 11.4, 0.0, 0.2, 0.0, 276.8, 1.6, 0.2, 0.0, 83.2, 2.4], [1.0, 0.0, 1.2, 0.0, 6.4, 35.0, 2.2, 0.4, 0.4, 0.2, 3.0, 3379.6, 0.0, 0.0, 8.4, 0.2], [12.6, 343.0, 0.8, 249.8, 23.6, 5.2, 2.4, 9.6, 36.0, 17.6, 93.2, 0.8, 1646.0, 187.0, 27.6, 22.8], [11.6, 11.2, 0.0, 26.0, 1.6, 0.6, 0.4, 0.6, 36.8, 6.4, 3.6, 0.0, 21.8, 816.2, 3.4, 0.8], [103.8, 160.6, 434.0, 88.0, 65.8, 122.2, 214.8, 0.2, 14.6, 4.0, 687.0, 31.8, 27.6, 13.6, 2892.4, 14.6], [4.2, 0.4, 0.0, 5.8, 16.2, 0.8, 1.6, 1.8, 9.6, 2.6, 0.0, 4.6, 1.8, 0.8, 4.4, 2510.4]], "cm_std": [[42.5328, 0.4, 39.985, 0.8, 1.2, 9.4742, 0.0, 1.2, 1.8547, 2.7276, 6.5422, 0.0, 3.0067, 3.5553, 13.0996, 0.8], [3.6, 102.0674, 0.4, 58.9563, 20.9132, 3.3466, 2.7857, 0.0, 18.082, 12.4, 23.3872, 1.1662, 98.8546, 21.4905, 42.6258, 13.4075], [46.02, 5.831, 106.0766, 6.5299, 5.9532, 17.9221, 0.8, 0.0, 0.0, 1.2, 20.7942, 0.0, 0.8, 0.0, 45.0182, 0.0], [68.7866, 146.688, 35.052, 355.437, 10.8185, 21.7348, 0.4899, 17.2209, 97.2267, 189.9989, 68.8227, 0.4, 242.1773, 132.6297, 54.8649, 15.0386], [1.7436, 31.379, 1.2, 2.5612, 40.045, 5.0438, 2.0976, 0.4, 9.7242, 0.0, 5.9127, 2.1354, 0.4, 1.8974, 14.4416, 0.4899], [4.7497, 1.2, 6.1188, 1.9391, 2.7857, 79.4743, 1.0198, 2.4, 2.6382, 1.2649, 65.765, 0.7483, 0.0, 0.0, 27.2176, 1.1662], [0.0, 0.4, 0.0, 0.0, 0.0, 0.0, 2.6382, 0.0, 0.0, 0.0, 0.0, 0.0, 0.0, 0.0, 2.7276, 0.0], [8.8, 0.8, 0.0, 8.6348, 0.0, 11.4438, 3.4871, 86.079, 62.3525, 11.1247, 1.1662, 0.0, 2.3152, 33.6, 3.3466, 0.0], [5.099, 5.0833, 3.0594, 7.6263, 10.5262, 13.4224, 3.2, 2.1354, 50.8606, 13.9943, 4.5869, 0.7483, 12.5156, 18.5623, 4.6648, 13.8333], [10.1469, 70.9422, 0.4899, 83.0556, 1.6248, 8.6394, 3.2496, 11.8423, 348.7526, 389.4031, 1.2, 0.0, 34.4709, 16.1691, 8.727, 5.2915], [0.4, 23.0859, 4.8, 0.9798, 4.0497, 44.6121, 13.8506, 0.0, 0.4, 0.0, 56.4673, 2.7276, 0.4, 0.0, 41.1407, 4.3174], [1.0954, 0.0, 1.4697, 0.0, 7.0029, 20.8902, 3.4293, 0.8, 0.4899, 0.4, 3.0332, 29.3162, 0.0, 0.0, 5.7827, 0.4], [9.0686, 126.8243, 0.9798, 230.7513, 5.1614, 2.7857, 2.1541, 8.8904, 23.4094, 11.8592, 69.2745, 1.1662, 370.7846, 109.067, 25.539, 31.096], [7.8128, 11.2854, 0.0, 9.3808, 1.8547, 0.4899, 0.4899, 0.4899, 29.5188, 8.1388, 3.7202, 0.0, 17.9933, 45.7664, 5.3516, 1.6], [52.6247, 113.3077, 387.9912, 40.4277, 48.4496, 73.1338, 189.2019, 0.4, 17.0599, 2.8284, 387.7912, 17.2905, 39.5201, 18.6397, 732.9463, 14.0086], [3.544, 0.8, 0.0, 4.7074, 13.3026, 0.9798, 0.4899, 0.7483, 4.9639, 4.2237, 0.0, 3.3823, 1.1662, 1.6, 7.8128, 12.3548]], "cm_norm_avg": [[0.89, 0.0002, 0.0519, 0.0048, 0.0006, 0.0121, 0.0, 0.0006, 0.0017, 0.0017, 0.0108, 0.0, 0.0026, 0.0069, 0.0152, 0.0006], [0.001, 0.673, 0.0001, 0.065, 0.0268, 0.0023, 0.0024, 0.0, 0.012, 0.0143, 0.0135, 0.0005, 0.1115, 0.053, 0.0205, 0.0041], [0.0813, 0.006, 0.7199, 0.0155, 0.0096, 0.0463, 0.0009, 0.0, 0.0, 0.0009, 0.0404, 0.0, 0.0006, 0.0, 0.0786, 0.0], [0.0427, 0.0505, 0.0116, 0.6024, 0.0108, 0.0115, 0.0001, 0.0115, 0.0152, 0.0686, 0.0167, 0.0001, 0.0699, 0.0659, 0.0167, 0.006], [0.002, 0.0225, 0.0007, 0.0064, 0.9108, 0.0117, 0.0024, 0.0002, 0.0108, 0.0, 0.0095, 0.0034, 0.0002, 0.0073, 0.01, 0.002], [0.0155, 0.0014, 0.015, 0.0073, 0.0118, 0.6442, 0.0032, 0.0027, 0.0041, 0.0023, 0.215, 0.0027, 0.0, 0.0, 0.0729, 0.0018], [0.0, 0.003, 0.0, 0.0, 0.0, 0.0, 0.9727, 0.0, 0.0, 0.0, 0.0, 0.0, 0.0, 0.0, 0.0242, 0.0], [0.0022, 0.0002, 0.0, 0.0024, 0.0, 0.0089, 0.0024, 0.9408, 0.0218, 0.0046, 0.0006, 0.0, 0.0014, 0.0127, 0.002, 0.0], [0.0215, 0.0135, 0.0129, 0.0425, 0.0523, 0.0517, 0.0135, 0.0191, 0.5231, 0.0751, 0.0166, 0.0025, 0.0382, 0.056, 0.0086, 0.0529], [0.0089, 0.0207, 0.0002, 0.1065, 0.0009, 0.0074, 0.0028, 0.0078, 0.1045, 0.7149, 0.0006, 0.0, 0.0086, 0.0101, 0.0035, 0.0027], [0.0004, 0.0306, 0.0116, 0.0017, 0.0108, 0.1349, 0.0246, 0.0, 0.0004, 0.0, 0.5966, 0.0034, 0.0004, 0.0, 0.1793, 0.0052], [0.0003, 0.0, 0.0003, 0.0, 0.0019, 0.0102, 0.0006, 0.0001, 0.0001, 0.0001, 0.0009, 0.983, 0.0, 0.0, 0.0024, 0.0001], [0.0047, 0.1281, 0.0003, 0.0933, 0.0088, 0.0019, 0.0009, 0.0036, 0.0134, 0.0066, 0.0348, 0.0003, 0.6146, 0.0698, 0.0103, 0.0085], [0.0123, 0.0119, 0.0, 0.0276, 0.0017, 0.0006, 0.0004, 0.0006, 0.0391, 0.0068, 0.0038, 0.0, 0.0232, 0.8674, 0.0036, 0.0009], [0.0213, 0.0329, 0.089, 0.0181, 0.0135, 0.0251, 0.0441, 0.0, 0.003, 0.0008, 0.1409, 0.0065, 0.0057, 0.0028, 0.5933, 0.003], [0.0016, 0.0002, 0.0, 0.0023, 0.0063, 0.0003, 0.0006, 0.0007, 0.0037, 0.001, 0.0, 0.0018, 0.0007, 0.0003, 0.0017, 0.9787]], "cm_norm_std": [[0.046, 0.0004, 0.0433, 0.0009, 0.0013, 0.0103, 0.0, 0.0013, 0.002, 0.003, 0.0071, 0.0, 0.0033, 0.0038, 0.0142, 0.0009], [0.002, 0.0579, 0.0002, 0.0335, 0.0119, 0.0019, 0.0016, 0.0, 0.0103, 0.007, 0.0133, 0.0007, 0.0561, 0.0122, 0.0242, 0.0076], [0.0688, 0.0087, 0.1586, 0.0098, 0.0089, 0.0268, 0.0012, 0.0, 0.0, 0.0018, 0.0311, 0.0, 0.0012, 0.0, 0.0673, 0.0], [0.0198, 0.0423, 0.0101, 0.1024, 0.0031, 0.0063, 0.0001, 0.005, 0.028, 0.0548, 0.0198, 0.0001, 0.0698, 0.0382, 0.0158, 0.0043], [0.0021, 0.0384, 0.0015, 0.0031, 0.049, 0.0062, 0.0026, 0.0005, 0.0119, 0.0, 0.0072, 0.0026, 0.0005, 0.0023, 0.0177, 0.0006], [0.0108, 0.0027, 0.0139, 0.0044, 0.0063, 0.181, 0.0023, 0.0055, 0.006, 0.0029, 0.1498, 0.0017, 0.0, 0.0, 0.062, 0.0027], [0.0, 0.0061, 0.0, 0.0, 0.0, 0.0, 0.04, 0.0, 0.0, 0.0, 0.0, 0.0, 0.0, 0.0, 0.0413, 0.0], [0.0044, 0.0004, 0.0, 0.0043, 0.0, 0.0057, 0.0018, 0.0432, 0.0313, 0.0056, 0.0006, 0.0, 0.0012, 0.0169, 0.0017, 0.0], [0.0157, 0.0156, 0.0094, 0.0235, 0.0324, 0.0413, 0.0098, 0.0066, 0.1565, 0.0431, 0.0141, 0.0023, 0.0385, 0.0571, 0.0144, 0.0426], [0.0039, 0.0271, 0.0002, 0.0318, 0.0006, 0.0033, 0.0012, 0.0045, 0.1335, 0.149, 0.0005, 0.0, 0.0132, 0.0062, 0.0033, 0.002], [0.0009, 0.0498, 0.0103, 0.0021, 0.0087, 0.0961, 0.0299, 0.0, 0.0009, 0.0, 0.1217, 0.0059, 0.0009, 0.0, 0.0887, 0.0093], [0.0003, 0.0, 0.0004, 0.0, 0.002, 0.0061, 0.001, 0.0002, 0.0001, 0.0001, 0.0009, 0.0085, 0.0, 0.0, 0.0017, 0.0001], [0.0034, 0.0474, 0.0004, 0.0862, 0.0019, 0.001, 0.0008, 0.0033, 0.0087, 0.0044, 0.0259, 0.0004, 0.1385, 0.0407, 0.0095, 0.0116], [0.0083, 0.012, 0.0, 0.01, 0.002, 0.0005, 0.0005, 0.0005, 0.0314, 0.0086, 0.004, 0.0, 0.0191, 0.0486, 0.0057, 0.0017], [0.0108, 0.0232, 0.0796, 0.0083, 0.0099, 0.015, 0.0388, 0.0001, 0.0035, 0.0006, 0.0795, 0.0035, 0.0081, 0.0038, 0.1503, 0.0029], [0.0014, 0.0003, 0.0, 0.0018, 0.0052, 0.0004, 0.0002, 0.0003, 0.0019, 0.0016, 0.0, 0.0013, 0.0005, 0.0006, 0.003, 0.0048]]}