{"aca_avg": 0.6752, "aca_std": 0.1027, "kappa_avg": 0.766, "kappa_std": 0.075, "acc_class_avg": [0.7954, 0.4278, 0.5886, 0.9372, 0.582, 0.8114, 0.8206, 0.3786, 0.7352], "acc_class_std": [0.1423, 0.3667, 0.1652, 0.0798, 0.32, 0.0686, 0.0468, 0.1078, 0.078], "f1_avg_avg": 0.6621, "f1_avg_std": 0.1067, "auc_avg_avg": 0.8232, "auc_avg_std": 0.0445, "auc_class_avg": [0.9602, 0.8324, 0.6042, 0.8186, 0.8954, 0.9314, 0.9556, 0.5632, 0.8476], "auc_class_std": [0.0234, 0.1597, 0.0545, 0.0921, 0.0376, 0.0178, 0.0058, 0.0882, 0.029], "f1_class_avg": [0.7884, 0.4932, 0.5542, 0.9198, 0.5478, 0.7096, 0.8008, 0.3608, 0.7842], "f1_class_std": [0.0593, 0.3715, 0.1216, 0.0337, 0.2748, 0.0388, 0.0383, 0.1082, 0.0618], "sensitivity_class_avg": [0.7954, 0.4278, 0.5886, 0.9372, 0.582, 0.8114, 0.8206, 0.3786, 0.7352], "sensitivity_class_std": [0.1423, 0.3667, 0.1652, 0.0798, 0.32, 0.0686, 0.0468, 0.1078, 0.078], "sensitivity_avg_avg": 0.6752, "sensitivity_avg_std": 0.1027, "specificity_class_avg": [0.9748, 0.9974, 0.9254, 0.9872, 0.9694, 0.923, 0.978, 0.9092, 0.9768], "specificity_class_std": [0.0222, 0.0033, 0.0564, 0.007, 0.0183, 0.0389, 0.0065, 0.0619, 0.0111], "specificity_avg_avg": 0.9601, "specificity_avg_std": 0.0119, "cm_avg": [[8277.8, 19.4, 851.2, 1.0, 849.4, 19.8, 2.8, 93.4, 292.2], [605.2, 4519.2, 4138.2, 208.8, 335.4, 539.2, 0.8, 216.0, 3.2], [109.8, 137.0, 6773.8, 526.0, 120.0, 1154.2, 59.4, 2333.8, 298.0], [5.0, 0.0, 229.4, 10831.8, 18.6, 14.8, 12.8, 401.6, 43.0], [600.4, 2.2, 126.2, 0.8, 5177.6, 106.6, 65.4, 2682.8, 134.0], [416.2, 16.4, 389.4, 40.8, 626.0, 10985.0, 89.0, 657.4, 315.8], [36.0, 0.0, 5.0, 42.6, 354.4, 4.4, 7190.0, 363.6, 767.0], [440.0, 40.6, 743.2, 61.8, 325.4, 4761.4, 5.6, 3954.8, 113.2], [46.8, 11.6, 116.8, 249.6, 148.0, 61.4, 1771.0, 1385.6, 10526.2]], "cm_std": [[1483.0031, 16.8357, 1013.26, 0.6325, 758.4636, 31.8333, 1.9391, 167.4868, 490.7869], [298.8855, 3874.6319, 3275.6381, 104.2236, 210.0672, 980.6707, 1.6, 306.1353, 6.4], [76.3162, 222.6836, 1899.8898, 447.0204, 71.1477, 1117.3331, 77.021, 1188.3079, 232.0517], [5.02, 0.0, 256.0505, 921.7567, 18.3478, 18.659, 16.7738, 656.4997, 52.8053], [690.5597, 3.4293, 125.9863, 1.6, 2847.6905, 126.8095, 78.9673, 2823.457, 97.8877], [360.1941, 16.7045, 235.3743, 24.8709, 338.5428, 926.6328, 47.392, 205.5029, 171.3539], [46.6948, 0.0, 4.0497, 22.615, 253.9052, 5.9532, 411.4166, 500.1866, 240.8502], [673.1472, 37.4465, 729.8615, 47.233, 264.6617, 1784.227, 2.8, 1125.6009, 62.7866], [55.7616, 6.5605, 70.5447, 150.2805, 114.4919, 108.5442, 601.9907, 1215.6198, 1118.0632]], "cm_norm_avg": [[0.7954, 0.0019, 0.0818, 0.0001, 0.0816, 0.0019, 0.0003, 0.009, 0.0281], [0.0573, 0.4277, 0.3917, 0.0198, 0.0317, 0.051, 0.0001, 0.0204, 0.0003], [0.0095, 0.0119, 0.5884, 0.0457, 0.0104, 0.1003, 0.0052, 0.2027, 0.0259], [0.0004, 0.0, 0.0198, 0.9373, 0.0016, 0.0013, 0.0011, 0.0347, 0.0037], [0.0675, 0.0002, 0.0142, 0.0001, 0.582, 0.012, 0.0074, 0.3016, 0.0151], [0.0307, 0.0012, 0.0288, 0.003, 0.0462, 0.8115, 0.0066, 0.0486, 0.0233], [0.0041, 0.0, 0.0006, 0.0049, 0.0404, 0.0005, 0.8205, 0.0415, 0.0875], [0.0421, 0.0039, 0.0711, 0.0059, 0.0312, 0.4558, 0.0005, 0.3786, 0.0108], [0.0033, 0.0008, 0.0082, 0.0174, 0.0103, 0.0043, 0.1237, 0.0968, 0.7352]], "cm_norm_std": [[0.1425, 0.0016, 0.0974, 0.0001, 0.0729, 0.0031, 0.0002, 0.0161, 0.0472], [0.0283, 0.3667, 0.31, 0.0099, 0.0199, 0.0928, 0.0002, 0.029, 0.0006], [0.0066, 0.0193, 0.165, 0.0388, 0.0062, 0.0971, 0.0067, 0.1032, 0.0202], [0.0004, 0.0, 0.0222, 0.0798, 0.0016, 0.0016, 0.0015, 0.0568, 0.0046], [0.0776, 0.0004, 0.0142, 0.0002, 0.3201, 0.0143, 0.0089, 0.3174, 0.011], [0.0266, 0.0012, 0.0174, 0.0018, 0.025, 0.0685, 0.0035, 0.0152, 0.0127], [0.0053, 0.0, 0.0005, 0.0026, 0.029, 0.0007, 0.0469, 0.0571, 0.0275], [0.0644, 0.0036, 0.0699, 0.0045, 0.0253, 0.1708, 0.0003, 0.1078, 0.006], [0.0039, 0.0005, 0.0049, 0.0105, 0.008, 0.0076, 0.042, 0.0849, 0.0781]]}