{"aca_avg": 0.5032, "aca_std": 0.0495, "kappa_avg": 0.5628, "kappa_std": 0.0966, "acc_class_avg": [0.709, 0.5354, 0.4002, 0.3682], "acc_class_std": [0.0937, 0.163, 0.121, 0.1888], "f1_avg_avg": 0.4904, "f1_avg_std": 0.0336, "auc_avg_avg": 0.7596, "auc_avg_std": 0.0454, "auc_class_avg": [0.8992, 0.767, 0.6578, 0.7144], "auc_class_std": [0.0331, 0.0448, 0.0924, 0.1804], "f1_class_avg": [0.746, 0.403, 0.4654, 0.3472], "f1_class_std": [0.0581, 0.0773, 0.0926, 0.1605], "sensitivity_class_avg": [0.709, 0.5354, 0.4002, 0.3682], "sensitivity_class_std": [0.0937, 0.163, 0.121, 0.1888], "sensitivity_avg_avg": 0.5032, "sensitivity_avg_std": 0.0495, "specificity_class_avg": [0.92, 0.7476, 0.8026, 0.8818], "specificity_class_std": [0.0063, 0.0953, 0.075, 0.1058], "specificity_avg_avg": 0.838, "specificity_avg_std": 0.0128, "cm_avg": [[456.6, 82.8, 59.4, 45.2], [65.4, 210.4, 94.2, 23.0], [46.6, 309.8, 341.4, 155.2], [6.4, 43.4, 96.8, 85.4]], "cm_std": [[60.4933, 91.5476, 59.4831, 60.7401], [7.7097, 64.0893, 73.4613, 41.0317], [6.9742, 157.047, 103.2, 103.7158], [5.3141, 37.0653, 51.4875, 43.7749]], "cm_norm_avg": [[0.709, 0.1286, 0.0922, 0.0702], [0.1664, 0.5354, 0.2397, 0.0585], [0.0546, 0.3632, 0.4002, 0.1819], [0.0276, 0.1871, 0.4172, 0.3681]], "cm_norm_std": [[0.0939, 0.1422, 0.0924, 0.0943], [0.0196, 0.1631, 0.1869, 0.1044], [0.0082, 0.1841, 0.121, 0.1216], [0.0229, 0.1598, 0.2219, 0.1887]]}