{"aca_avg": 0.5027, "aca_std": 0.047, "kappa_avg": 0.561, "kappa_std": 0.0952, "acc_class_avg": [0.7062, 0.5392, 0.4006, 0.3648], "acc_class_std": [0.0976, 0.1636, 0.1203, 0.1846], "f1_avg_avg": 0.4899, "f1_avg_std": 0.0312, "auc_avg_avg": 0.7588, "auc_avg_std": 0.0451, "auc_class_avg": [0.8984, 0.7686, 0.6584, 0.7096], "auc_class_std": [0.033, 0.0442, 0.0916, 0.1812], "f1_class_avg": [0.7456, 0.4038, 0.4656, 0.3446], "f1_class_std": [0.0603, 0.0778, 0.0908, 0.1572], "sensitivity_class_avg": [0.7062, 0.5392, 0.4006, 0.3648], "sensitivity_class_std": [0.0976, 0.1636, 0.1203, 0.1846], "sensitivity_avg_avg": 0.5027, "sensitivity_avg_std": 0.047, "specificity_class_avg": [0.9218, 0.7456, 0.8022, 0.8824], "specificity_class_std": [0.0065, 0.0961, 0.076, 0.1053], "specificity_avg_avg": 0.838, "specificity_avg_std": 0.0123, "cm_avg": [[455.0, 83.6, 59.8, 45.6], [64.0, 211.8, 94.4, 22.8], [45.4, 311.8, 341.8, 154.0], [6.2, 44.4, 96.8, 84.6]], "cm_std": [[62.8554, 92.9443, 59.8612, 61.1117], [7.5631, 64.2819, 74.2929, 40.632], [6.3119, 158.0296, 102.4332, 103.346], [5.5281, 37.3663, 50.3325, 42.8327]], "cm_norm_avg": [[0.7065, 0.1298, 0.0929, 0.0708], [0.1628, 0.5389, 0.2402, 0.058], [0.0532, 0.3655, 0.4007, 0.1805], [0.0267, 0.1914, 0.4172, 0.3647]], "cm_norm_std": [[0.0976, 0.1443, 0.093, 0.0949], [0.0192, 0.1636, 0.189, 0.1034], [0.0074, 0.1853, 0.1201, 0.1212], [0.0238, 0.1611, 0.217, 0.1846]]}