{"aca_avg": 0.6906, "aca_std": 0.0, "kappa_avg": 0.801, "kappa_std": 0.0, "acc_class_avg": [0.95, 0.927, 0.532, 0.987, 0.277, 0.849, 0.89, 0.094, 0.71], "acc_class_std": [0.0, 0.0, 0.0, 0.0, 0.0, 0.0, 0.0, 0.0, 0.0], "f1_avg_avg": 0.6576, "f1_avg_std": 0.0, "auc_avg_avg": 0.8852, "auc_avg_std": 0.0, "auc_class_avg": [0.975, 0.979, 0.756, 0.788, 0.908, 0.963, 0.955, 0.705, 0.938], "auc_class_std": [0.0, 0.0, 0.0, 0.0, 0.0, 0.0, 0.0, 0.0, 0.0], "f1_class_avg": [0.72, 0.915, 0.647, 0.9, 0.421, 0.671, 0.755, 0.159, 0.73], "f1_class_std": [0.0, 0.0, 0.0, 0.0, 0.0, 0.0, 0.0, 0.0, 0.0], "sensitivity_class_avg": [0.95, 0.927, 0.532, 0.987, 0.277, 0.849, 0.89, 0.094, 0.71], "sensitivity_class_std": [0.0, 0.0, 0.0, 0.0, 0.0, 0.0, 0.0, 0.0, 0.0], "sensitivity_avg_avg": 0.6907, "sensitivity_avg_std": 0.0, "specificity_class_avg": [0.92, 0.988, 0.985, 0.973, 0.996, 0.893, 0.955, 0.989, 0.961], "specificity_class_std": [0.0, 0.0, 0.0, 0.0, 0.0, 0.0, 0.0, 0.0, 0.0], "specificity_avg_avg": 0.9622, "specificity_avg_std": 0.0, "cm_avg": [[9883.0, 510.0, 2.0, 1.0, 3.0, 5.0, 1.0, 1.0, 1.0], [731.0, 9792.0, 15.0, 20.0, 8.0, 0.0, 0.0, 0.0, 0.0], [385.0, 407.0, 6130.0, 1595.0, 42.0, 2183.0, 88.0, 118.0, 564.0], [7.0, 0.0, 1.0, 11405.0, 2.0, 0.0, 32.0, 1.0, 109.0], [4684.0, 8.0, 54.0, 18.0, 2463.0, 349.0, 50.0, 769.0, 501.0], [923.0, 78.0, 326.0, 72.0, 75.0, 11493.0, 136.0, 49.0, 384.0], [97.0, 1.0, 0.0, 72.0, 131.0, 0.0, 7795.0, 2.0, 665.0], [335.0, 46.0, 891.0, 302.0, 33.0, 6696.0, 27.0, 984.0, 1132.0], [15.0, 0.0, 4.0, 316.0, 50.0, 1.0, 3767.0, 2.0, 10162.0]], "cm_std": [[0.0, 0.0, 0.0, 0.0, 0.0, 0.0, 0.0, 0.0, 0.0], [0.0, 0.0, 0.0, 0.0, 0.0, 0.0, 0.0, 0.0, 0.0], [0.0, 0.0, 0.0, 0.0, 0.0, 0.0, 0.0, 0.0, 0.0], [0.0, 0.0, 0.0, 0.0, 0.0, 0.0, 0.0, 0.0, 0.0], [0.0, 0.0, 0.0, 0.0, 0.0, 0.0, 0.0, 0.0, 0.0], [0.0, 0.0, 0.0, 0.0, 0.0, 0.0, 0.0, 0.0, 0.0], [0.0, 0.0, 0.0, 0.0, 0.0, 0.0, 0.0, 0.0, 0.0], [0.0, 0.0, 0.0, 0.0, 0.0, 0.0, 0.0, 0.0, 0.0], [0.0, 0.0, 0.0, 0.0, 0.0, 0.0, 0.0, 0.0, 0.0]], "cm_norm_avg": [[0.9496, 0.049, 0.0002, 0.0001, 0.0003, 0.0005, 0.0001, 0.0001, 0.0001], [0.0692, 0.9267, 0.0014, 0.0019, 0.0008, 0.0, 0.0, 0.0, 0.0], [0.0334, 0.0354, 0.5325, 0.1386, 0.0036, 0.1896, 0.0076, 0.0103, 0.049], [0.0006, 0.0, 0.0001, 0.9868, 0.0002, 0.0, 0.0028, 0.0001, 0.0094], [0.5265, 0.0009, 0.0061, 0.002, 0.2769, 0.0392, 0.0056, 0.0864, 0.0563], [0.0682, 0.0058, 0.0241, 0.0053, 0.0055, 0.8491, 0.01, 0.0036, 0.0284], [0.0111, 0.0001, 0.0, 0.0082, 0.0149, 0.0, 0.8895, 0.0002, 0.0759], [0.0321, 0.0044, 0.0853, 0.0289, 0.0032, 0.641, 0.0026, 0.0942, 0.1084], [0.001, 0.0, 0.0003, 0.0221, 0.0035, 0.0001, 0.2631, 0.0001, 0.7098]], "cm_norm_std": [[0.0, 0.0, 0.0, 0.0, 0.0, 0.0, 0.0, 0.0, 0.0], [0.0, 0.0, 0.0, 0.0, 0.0, 0.0, 0.0, 0.0, 0.0], [0.0, 0.0, 0.0, 0.0, 0.0, 0.0, 0.0, 0.0, 0.0], [0.0, 0.0, 0.0, 0.0, 0.0, 0.0, 0.0, 0.0, 0.0], [0.0, 0.0, 0.0, 0.0, 0.0, 0.0, 0.0, 0.0, 0.0], [0.0, 0.0, 0.0, 0.0, 0.0, 0.0, 0.0, 0.0, 0.0], [0.0, 0.0, 0.0, 0.0, 0.0, 0.0, 0.0, 0.0, 0.0], [0.0, 0.0, 0.0, 0.0, 0.0, 0.0, 0.0, 0.0, 0.0], [0.0, 0.0, 0.0, 0.0, 0.0, 0.0, 0.0, 0.0, 0.0]]}