{"aca_avg": 0.8269, "aca_std": 0.0246, "kappa_avg": 0.8702, "kappa_std": 0.0241, "acc_class_avg": [0.9252, 0.8858, 0.818, 0.9678, 0.8564, 0.7126, 0.8124, 0.7074, 0.756], "acc_class_std": [0.0894, 0.02, 0.084, 0.0295, 0.0869, 0.1763, 0.0711, 0.1841, 0.054], "f1_avg_avg": 0.8217, "f1_avg_std": 0.0248, "auc_avg_avg": 0.9064, "auc_avg_std": 0.0342, "auc_class_avg": [0.9588, 0.9712, 0.9108, 0.9504, 0.911, 0.8404, 0.8612, 0.8578, 0.896], "auc_class_std": [0.032, 0.0189, 0.0525, 0.0373, 0.0296, 0.0914, 0.1108, 0.0707, 0.0472], "f1_class_avg": [0.9152, 0.92, 0.8388, 0.9482, 0.7828, 0.7496, 0.7822, 0.64, 0.8184], "f1_class_std": [0.0475, 0.0113, 0.0379, 0.0095, 0.0408, 0.0974, 0.0502, 0.0646, 0.0248], "sensitivity_class_avg": [0.9252, 0.8858, 0.818, 0.9678, 0.8564, 0.7126, 0.8124, 0.7074, 0.756], "sensitivity_class_std": [0.0894, 0.02, 0.084, 0.0295, 0.0869, 0.1763, 0.0711, 0.1841, 0.054], "sensitivity_avg_avg": 0.8268, "sensitivity_avg_std": 0.0246, "specificity_class_avg": [0.9892, 0.9954, 0.983, 0.9904, 0.9666, 0.9752, 0.974, 0.9416, 0.985], "specificity_class_std": [0.0066, 0.002, 0.0112, 0.0039, 0.022, 0.0169, 0.0165, 0.0453, 0.0072], "specificity_avg_avg": 0.9778, "specificity_avg_std": 0.0037, "cm_avg": [[9629.4, 46.0, 0.6, 0.2, 657.2, 41.6, 4.0, 24.8, 3.2], [320.8, 9362.4, 112.4, 81.4, 557.6, 23.4, 66.8, 26.2, 15.0], [42.8, 223.8, 9417.8, 267.2, 34.6, 205.8, 92.2, 1067.4, 160.4], [3.2, 0.0, 35.4, 11186.0, 1.2, 0.2, 80.4, 136.2, 114.4], [338.2, 34.8, 56.2, 8.6, 7619.2, 44.6, 295.8, 457.8, 40.8], [195.4, 55.4, 271.6, 11.4, 146.4, 9645.6, 20.8, 3056.4, 133.0], [31.2, 0.0, 113.8, 168.6, 565.2, 3.0, 7118.0, 41.6, 721.6], [2.6, 58.2, 473.2, 25.8, 584.8, 1773.2, 38.2, 7390.8, 99.2], [32.4, 0.6, 427.8, 285.8, 502.4, 50.2, 1784.8, 411.2, 10821.8]], "cm_std": [[933.4481, 28.7263, 0.8, 0.4, 950.7854, 37.9558, 3.2249, 16.1543, 3.6551], [243.838, 211.3146, 153.2457, 114.671, 429.1045, 37.5105, 92.8168, 20.1931, 28.0214], [19.9138, 153.7757, 967.3778, 146.4396, 40.8637, 225.1803, 154.4596, 1137.9249, 107.5874], [2.9257, 0.0, 36.2304, 338.6018, 1.4697, 0.4, 145.0167, 188.9004, 159.3319], [282.1215, 68.6015, 34.3127, 16.2062, 770.5093, 48.9024, 195.1434, 574.5173, 30.5247], [111.96, 40.4999, 137.2248, 5.4626, 94.686, 2387.3438, 18.2033, 2396.1652, 160.0862], [31.4795, 0.0, 174.4699, 245.3166, 293.6, 4.1473, 624.6349, 29.4252, 413.3466], [1.4967, 48.672, 444.3154, 23.3615, 286.8047, 1283.545, 42.8318, 1925.1228, 129.879], [17.7831, 0.8, 539.9435, 132.1672, 542.7293, 59.3208, 1107.1136, 406.1849, 773.1565]], "cm_norm_avg": [[0.9253, 0.0044, 0.0001, 0.0, 0.0631, 0.004, 0.0004, 0.0024, 0.0003], [0.0304, 0.8861, 0.0106, 0.0077, 0.0528, 0.0022, 0.0063, 0.0025, 0.0014], [0.0037, 0.0194, 0.8181, 0.0232, 0.003, 0.0179, 0.008, 0.0927, 0.0139], [0.0003, 0.0, 0.0031, 0.9679, 0.0001, 0.0, 0.007, 0.0118, 0.0099], [0.038, 0.0039, 0.0063, 0.001, 0.8565, 0.005, 0.0333, 0.0515, 0.0046], [0.0144, 0.0041, 0.0201, 0.0008, 0.0108, 0.7126, 0.0015, 0.2258, 0.0098], [0.0036, 0.0, 0.013, 0.0192, 0.0645, 0.0003, 0.8123, 0.0047, 0.0823], [0.0002, 0.0056, 0.0453, 0.0025, 0.056, 0.1697, 0.0037, 0.7075, 0.0095], [0.0023, 0.0, 0.0299, 0.02, 0.0351, 0.0035, 0.1247, 0.0287, 0.7559]], "cm_norm_std": [[0.0897, 0.0028, 0.0001, 0.0, 0.0914, 0.0036, 0.0003, 0.0016, 0.0004], [0.0231, 0.02, 0.0145, 0.0109, 0.0406, 0.0036, 0.0088, 0.0019, 0.0027], [0.0017, 0.0134, 0.084, 0.0127, 0.0035, 0.0196, 0.0134, 0.0988, 0.0093], [0.0003, 0.0, 0.0031, 0.0293, 0.0001, 0.0, 0.0125, 0.0163, 0.0138], [0.0317, 0.0077, 0.0039, 0.0018, 0.0866, 0.0055, 0.0219, 0.0646, 0.0034], [0.0083, 0.003, 0.0101, 0.0004, 0.007, 0.1764, 0.0013, 0.177, 0.0118], [0.0036, 0.0, 0.0199, 0.028, 0.0335, 0.0005, 0.0713, 0.0034, 0.0472], [0.0001, 0.0047, 0.0425, 0.0022, 0.0275, 0.1229, 0.0041, 0.1843, 0.0124], [0.0012, 0.0001, 0.0377, 0.0092, 0.0379, 0.0041, 0.0773, 0.0284, 0.054]]}