{"aca_avg": 0.6525, "aca_std": 0.0218, "kappa_avg": 0.7428, "kappa_std": 0.0258, "acc_class_avg": [0.8178, 0.5682, 0.3876, 0.8364], "acc_class_std": [0.1159, 0.0783, 0.1065, 0.1034], "f1_avg_avg": 0.5794, "f1_avg_std": 0.0304, "auc_avg_avg": 0.7627, "auc_avg_std": 0.0141, "auc_class_avg": [0.8546, 0.7064, 0.6588, 0.8308], "auc_class_std": [0.0404, 0.0317, 0.0423, 0.0426], "f1_class_avg": [0.7882, 0.5054, 0.511, 0.5132], "f1_class_std": [0.0381, 0.043, 0.0936, 0.0345], "sensitivity_class_avg": [0.8178, 0.5682, 0.3876, 0.8364], "sensitivity_class_std": [0.1159, 0.0783, 0.1065, 0.1034], "sensitivity_avg_avg": 0.6525, "sensitivity_avg_std": 0.0219, "specificity_class_avg": [0.892, 0.8452, 0.93, 0.825], "specificity_class_std": [0.0357, 0.0465, 0.0304, 0.0322], "specificity_avg_avg": 0.873, "specificity_avg_std": 0.0077, "cm_avg": [[526.8, 92.6, 11.8, 12.8], [92.8, 223.2, 49.2, 27.8], [59.8, 172.4, 330.8, 290.0], [7.4, 2.6, 28.0, 194.0]], "cm_std": [[74.6094, 69.5776, 15.9173, 7.5472], [40.7696, 30.8506, 18.1152, 9.683], [16.7619, 65.6128, 90.7907, 52.0922], [10.3073, 3.2619, 18.2866, 23.975]], "cm_norm_avg": [[0.818, 0.1438, 0.0183, 0.0199], [0.2361, 0.5679, 0.1252, 0.0707], [0.0701, 0.2021, 0.3878, 0.34], [0.0319, 0.0112, 0.1207, 0.8362]], "cm_norm_std": [[0.1159, 0.108, 0.0247, 0.0117], [0.1037, 0.0785, 0.0461, 0.0246], [0.0197, 0.0769, 0.1064, 0.0611], [0.0444, 0.0141, 0.0788, 0.1033]]}