{"aca_avg": 0.8008, "aca_std": 0.0108, "kappa_avg": 0.719, "kappa_std": 0.0369, "acc_class_avg": [0.865, 0.6558, 0.853, 0.5362, 0.915, 0.7254, 0.997, 0.9342, 0.678, 0.8256, 0.563, 0.992, 0.7108, 0.834, 0.7438, 0.9846], "acc_class_std": [0.1052, 0.0514, 0.0213, 0.102, 0.0213, 0.0548, 0.006, 0.0309, 0.0613, 0.0348, 0.1181, 0.0057, 0.0277, 0.02, 0.0312, 0.0063], "f1_avg_avg": 0.726, "f1_avg_std": 0.0155, "auc_avg_avg": 0.9012, "auc_avg_std": 0.0044, "auc_class_avg": [0.943, 0.8938, 0.8794, 0.8314, 0.8916, 0.8176, 0.9626, 0.9812, 0.8234, 0.952, 0.82, 0.963, 0.896, 0.9702, 0.8158, 0.9788], "auc_class_std": [0.0199, 0.0056, 0.011, 0.0054, 0.0137, 0.0146, 0.0081, 0.0029, 0.0252, 0.0102, 0.0309, 0.0122, 0.0101, 0.005, 0.0154, 0.0069], "f1_class_avg": [0.7976, 0.6414, 0.7726, 0.6284, 0.8794, 0.5962, 0.449, 0.9584, 0.4752, 0.8322, 0.3738, 0.99, 0.688, 0.7482, 0.8196, 0.9656], "f1_class_std": [0.0345, 0.0364, 0.0564, 0.0651, 0.022, 0.0207, 0.0696, 0.018, 0.0577, 0.0218, 0.0796, 0.0018, 0.0376, 0.0459, 0.0154, 0.013], "sensitivity_class_avg": [0.865, 0.6558, 0.853, 0.5362, 0.915, 0.7254, 0.997, 0.9342, 0.678, 0.8256, 0.563, 0.992, 0.7108, 0.834, 0.7438, 0.9846], "sensitivity_class_std": [0.1052, 0.0514, 0.0213, 0.102, 0.0213, 0.0548, 0.006, 0.0309, 0.0613, 0.0348, 0.1181, 0.0057, 0.0277, 0.02, 0.0312, 0.0063], "sensitivity_avg_avg": 0.8008, "sensitivity_avg_std": 0.0108, "specificity_class_avg": [0.9896, 0.9736, 0.991, 0.978, 0.995, 0.9886, 0.994, 0.9986, 0.9852, 0.9836, 0.9754, 0.9984, 0.9622, 0.986, 0.9852, 0.9948], "specificity_class_std": [0.0059, 0.0085, 0.0038, 0.0094, 0.0023, 0.0034, 0.0018, 0.0005, 0.006, 0.0073, 0.0045, 0.0005, 0.0072, 0.0049, 0.0024, 0.0031], "specificity_avg_avg": 0.9862, "specificity_avg_std": 0.0011, "cm_avg": [[799.2, 1.0, 50.2, 11.6, 0.6, 19.6, 0.0, 0.0, 0.2, 1.4, 4.6, 0.0, 14.8, 5.2, 13.4, 2.2], [0.6, 1155.6, 0.0, 71.4, 33.6, 5.6, 6.2, 0.0, 24.4, 21.0, 13.4, 0.6, 339.8, 70.0, 19.2, 0.6], [12.6, 6.2, 570.8, 0.4, 0.0, 27.0, 0.2, 0.0, 0.0, 0.8, 19.6, 0.4, 0.4, 0.0, 30.6, 0.0], [147.4, 153.0, 13.2, 1860.6, 22.2, 59.8, 4.2, 13.2, 29.6, 318.2, 54.6, 0.0, 532.4, 174.2, 47.6, 39.8], [0.8, 9.6, 0.0, 4.0, 748.4, 5.4, 1.8, 0.0, 11.0, 0.0, 9.4, 3.4, 1.8, 10.0, 4.4, 8.0], [5.2, 0.0, 3.4, 1.6, 0.2, 318.4, 2.4, 0.2, 2.0, 0.6, 70.0, 1.8, 0.0, 0.0, 32.0, 1.2], [0.0, 0.0, 0.0, 0.0, 0.0, 0.0, 65.8, 0.0, 0.0, 0.0, 0.0, 0.0, 0.0, 0.0, 0.2, 0.0], [1.8, 1.6, 0.2, 4.6, 0.0, 9.0, 4.6, 1860.8, 55.6, 22.8, 1.4, 0.0, 0.2, 17.4, 8.4, 3.6], [3.8, 0.4, 8.6, 9.8, 7.0, 3.8, 2.0, 7.6, 220.4, 23.0, 6.4, 0.0, 9.0, 7.2, 1.0, 15.0], [11.0, 24.4, 0.2, 193.0, 0.4, 5.4, 3.6, 5.6, 169.2, 2157.4, 1.0, 0.0, 13.6, 14.2, 8.6, 5.4], [0.0, 4.4, 4.6, 0.0, 2.2, 41.8, 1.0, 0.0, 0.6, 0.0, 261.2, 2.2, 0.4, 0.0, 144.4, 1.2], [0.6, 0.0, 0.8, 0.0, 3.2, 4.6, 2.2, 0.0, 0.0, 0.0, 2.2, 3411.0, 0.0, 0.2, 5.6, 7.6], [3.8, 317.0, 0.8, 87.6, 33.0, 9.0, 0.8, 0.4, 50.2, 21.2, 127.0, 0.4, 1903.8, 71.4, 26.8, 24.8], [5.6, 5.2, 0.0, 81.8, 1.2, 1.0, 0.0, 0.0, 31.8, 2.8, 0.2, 0.0, 26.4, 784.8, 0.2, 0.0], [84.8, 167.0, 162.8, 71.2, 30.0, 122.4, 137.4, 0.4, 17.6, 2.8, 364.4, 29.6, 17.4, 10.6, 3625.6, 31.0], [3.6, 2.2, 0.0, 4.4, 3.8, 0.2, 2.2, 2.4, 11.8, 1.6, 0.8, 3.6, 1.8, 0.6, 0.8, 2525.2]], "cm_std": [[97.2037, 1.5492, 50.1175, 12.3061, 1.2, 15.1605, 0.0, 0.0, 0.4, 1.9596, 3.4986, 0.0, 12.8281, 3.1875, 10.5943, 2.0396], [1.2, 90.6832, 0.0, 42.117, 15.9825, 1.8547, 6.6753, 0.0, 13.2906, 5.7619, 12.1425, 1.2, 107.5665, 18.3521, 8.1829, 0.8], [9.7898, 7.1386, 14.3024, 0.8, 0.0, 20.7171, 0.4, 0.0, 0.0, 0.9798, 4.8415, 0.4899, 0.8, 0.0, 13.7637, 0.0], [96.1782, 107.8313, 8.7499, 353.4677, 13.6, 26.8879, 2.7129, 9.3894, 9.1345, 158.612, 22.0599, 0.0, 158.1956, 72.3005, 25.9815, 31.2115], [1.1662, 7.1162, 0.0, 4.1473, 17.625, 3.0067, 1.4697, 0.0, 9.0111, 0.0, 5.1614, 1.6248, 2.4, 4.9396, 2.1541, 6.5422], [3.9699, 0.0, 2.5768, 1.3565, 0.4, 24.0383, 1.4967, 0.4, 1.4142, 0.4899, 18.3085, 0.7483, 0.0, 0.0, 13.069, 0.9798], [0.0, 0.0, 0.0, 0.0, 0.0, 0.0, 0.4, 0.0, 0.0, 0.0, 0.0, 0.0, 0.0, 0.0, 0.4, 0.0], [1.9391, 2.245, 0.4, 4.0299, 0.0, 4.1473, 2.5768, 61.856, 49.7297, 18.291, 1.9596, 0.0, 0.4, 14.6233, 1.6248, 4.8], [3.3106, 0.4899, 3.9294, 3.1241, 6.7528, 2.7857, 0.8944, 2.4166, 19.8655, 9.3808, 4.2708, 0.0, 8.579, 4.6217, 1.0954, 6.603], [7.6681, 10.707, 0.4, 106.4575, 0.8, 1.4967, 2.0591, 1.6248, 81.2438, 91.0573, 0.6325, 0.0, 11.3596, 8.0598, 4.128, 4.9234], [0.0, 5.004, 1.0198, 0.0, 0.7483, 22.6839, 1.0954, 0.0, 0.8, 0.0, 54.8175, 1.1662, 0.8, 0.0, 44.0118, 0.7483], [0.4899, 0.0, 0.7483, 0.0, 1.1662, 1.7436, 1.7205, 0.0, 0.0, 0.0, 2.7129, 19.5653, 0.0, 0.4, 2.245, 15.2], [2.7129, 124.9208, 0.4, 89.2022, 9.252, 12.5539, 0.7483, 0.4899, 33.5345, 4.6648, 46.1303, 0.4899, 74.02, 53.455, 17.0693, 14.3443], [2.8, 7.1386, 0.0, 44.0109, 1.6, 0.0, 0.0, 0.0, 29.4034, 1.1662, 0.4, 0.0, 12.3548, 18.5515, 0.4, 0.0], [46.2619, 113.4302, 88.1122, 45.1548, 24.552, 44.9293, 41.8359, 0.8, 10.7629, 1.3266, 67.0242, 11.2534, 7.6315, 7.9145, 153.1295, 12.3612], [1.3565, 2.9933, 0.0, 3.0067, 2.3152, 0.4, 2.0396, 2.3324, 5.5642, 1.6248, 0.9798, 5.748, 1.833, 0.4899, 1.1662, 16.4]], "cm_norm_avg": [[0.8649, 0.0011, 0.0543, 0.0126, 0.0006, 0.0212, 0.0, 0.0, 0.0002, 0.0015, 0.005, 0.0, 0.016, 0.0056, 0.0145, 0.0024], [0.0003, 0.6558, 0.0, 0.0405, 0.0191, 0.0032, 0.0035, 0.0, 0.0138, 0.0119, 0.0076, 0.0003, 0.1928, 0.0397, 0.0109, 0.0003], [0.0188, 0.0093, 0.8532, 0.0006, 0.0, 0.0404, 0.0003, 0.0, 0.0, 0.0012, 0.0293, 0.0006, 0.0006, 0.0, 0.0457, 0.0], [0.0425, 0.0441, 0.0038, 0.5362, 0.0064, 0.0172, 0.0012, 0.0038, 0.0085, 0.0917, 0.0157, 0.0, 0.1534, 0.0502, 0.0137, 0.0115], [0.001, 0.0117, 0.0, 0.0049, 0.9149, 0.0066, 0.0022, 0.0, 0.0134, 0.0, 0.0115, 0.0042, 0.0022, 0.0122, 0.0054, 0.0098], [0.0118, 0.0, 0.0077, 0.0036, 0.0005, 0.7253, 0.0055, 0.0005, 0.0046, 0.0014, 0.1595, 0.0041, 0.0, 0.0, 0.0729, 0.0027], [0.0, 0.0, 0.0, 0.0, 0.0, 0.0, 0.997, 0.0, 0.0, 0.0, 0.0, 0.0, 0.0, 0.0, 0.003, 0.0], [0.0009, 0.0008, 0.0001, 0.0023, 0.0, 0.0045, 0.0023, 0.9341, 0.0279, 0.0114, 0.0007, 0.0, 0.0001, 0.0087, 0.0042, 0.0018], [0.0117, 0.0012, 0.0265, 0.0302, 0.0215, 0.0117, 0.0062, 0.0234, 0.6782, 0.0708, 0.0197, 0.0, 0.0277, 0.0222, 0.0031, 0.0462], [0.0042, 0.0093, 0.0001, 0.0739, 0.0002, 0.0021, 0.0014, 0.0021, 0.0648, 0.8256, 0.0004, 0.0, 0.0052, 0.0054, 0.0033, 0.0021], [0.0, 0.0095, 0.0099, 0.0, 0.0047, 0.0901, 0.0022, 0.0, 0.0013, 0.0, 0.5629, 0.0047, 0.0009, 0.0, 0.3112, 0.0026], [0.0002, 0.0, 0.0002, 0.0, 0.0009, 0.0013, 0.0006, 0.0, 0.0, 0.0, 0.0006, 0.9921, 0.0, 0.0001, 0.0016, 0.0022], [0.0014, 0.1184, 0.0003, 0.0327, 0.0123, 0.0034, 0.0003, 0.0001, 0.0187, 0.0079, 0.0474, 0.0001, 0.7109, 0.0267, 0.01, 0.0093], [0.006, 0.0055, 0.0, 0.0869, 0.0013, 0.0011, 0.0, 0.0, 0.0338, 0.003, 0.0002, 0.0, 0.0281, 0.834, 0.0002, 0.0], [0.0174, 0.0343, 0.0334, 0.0146, 0.0062, 0.0251, 0.0282, 0.0001, 0.0036, 0.0006, 0.0747, 0.0061, 0.0036, 0.0022, 0.7437, 0.0064], [0.0014, 0.0009, 0.0, 0.0017, 0.0015, 0.0001, 0.0009, 0.0009, 0.0046, 0.0006, 0.0003, 0.0014, 0.0007, 0.0002, 0.0003, 0.9845]], "cm_norm_std": [[0.1052, 0.0017, 0.0542, 0.0133, 0.0013, 0.0164, 0.0, 0.0, 0.0004, 0.0021, 0.0038, 0.0, 0.0139, 0.0034, 0.0115, 0.0022], [0.0007, 0.0515, 0.0, 0.0239, 0.0091, 0.0011, 0.0038, 0.0, 0.0075, 0.0033, 0.0069, 0.0007, 0.061, 0.0104, 0.0046, 0.0005], [0.0146, 0.0107, 0.0214, 0.0012, 0.0, 0.031, 0.0006, 0.0, 0.0, 0.0015, 0.0072, 0.0007, 0.0012, 0.0, 0.0206, 0.0], [0.0277, 0.0311, 0.0025, 0.1019, 0.0039, 0.0077, 0.0008, 0.0027, 0.0026, 0.0457, 0.0064, 0.0, 0.0456, 0.0208, 0.0075, 0.009], [0.0014, 0.0087, 0.0, 0.0051, 0.0215, 0.0037, 0.0018, 0.0, 0.011, 0.0, 0.0063, 0.002, 0.0029, 0.006, 0.0026, 0.008], [0.009, 0.0, 0.0059, 0.0031, 0.0009, 0.0548, 0.0034, 0.0009, 0.0032, 0.0011, 0.0417, 0.0017, 0.0, 0.0, 0.0298, 0.0022], [0.0, 0.0, 0.0, 0.0, 0.0, 0.0, 0.0061, 0.0, 0.0, 0.0, 0.0, 0.0, 0.0, 0.0, 0.0061, 0.0], [0.001, 0.0011, 0.0002, 0.002, 0.0, 0.0021, 0.0013, 0.0311, 0.025, 0.0092, 0.001, 0.0, 0.0002, 0.0073, 0.0008, 0.0024], [0.0102, 0.0015, 0.0121, 0.0096, 0.0208, 0.0086, 0.0028, 0.0074, 0.0611, 0.0289, 0.0131, 0.0, 0.0264, 0.0142, 0.0034, 0.0203], [0.0029, 0.0041, 0.0002, 0.0407, 0.0003, 0.0006, 0.0008, 0.0006, 0.0311, 0.0348, 0.0002, 0.0, 0.0043, 0.0031, 0.0016, 0.0019], [0.0, 0.0108, 0.0022, 0.0, 0.0016, 0.0489, 0.0024, 0.0, 0.0017, 0.0, 0.1181, 0.0025, 0.0017, 0.0, 0.0949, 0.0016], [0.0001, 0.0, 0.0002, 0.0, 0.0003, 0.0005, 0.0005, 0.0, 0.0, 0.0, 0.0008, 0.0057, 0.0, 0.0001, 0.0007, 0.0044], [0.001, 0.0466, 0.0001, 0.0333, 0.0035, 0.0047, 0.0003, 0.0002, 0.0125, 0.0017, 0.0172, 0.0002, 0.0276, 0.02, 0.0064, 0.0054], [0.003, 0.0076, 0.0, 0.0468, 0.0017, 0.0, 0.0, 0.0, 0.0312, 0.0012, 0.0004, 0.0, 0.0131, 0.0197, 0.0004, 0.0], [0.0095, 0.0233, 0.0181, 0.0093, 0.005, 0.0092, 0.0086, 0.0002, 0.0022, 0.0003, 0.0137, 0.0023, 0.0016, 0.0016, 0.0314, 0.0025], [0.0005, 0.0012, 0.0, 0.0012, 0.0009, 0.0002, 0.0008, 0.0009, 0.0022, 0.0006, 0.0004, 0.0022, 0.0007, 0.0002, 0.0005, 0.0064]]}