{"aca_avg": 0.5774, "aca_std": 0.102, "kappa_avg": 0.6174, "kappa_std": 0.1004, "acc_class_avg": [0.863, 0.5274, 0.373, 0.794, 0.4782, 0.5552, 0.6256, 0.3318, 0.6488], "acc_class_std": [0.1351, 0.3388, 0.3352, 0.2014, 0.3089, 0.1942, 0.1021, 0.2015, 0.1383], "f1_avg_avg": 0.555, "f1_avg_std": 0.1073, "auc_avg_avg": 0.6235, "auc_avg_std": 0.0615, "auc_class_avg": [0.8894, 0.9724, 0.55, 0.3312, 0.8686, 0.4254, 0.4894, 0.4632, 0.622], "auc_class_std": [0.039, 0.0115, 0.0696, 0.1353, 0.0236, 0.0479, 0.1178, 0.0862, 0.0988], "f1_class_avg": [0.7682, 0.5422, 0.3028, 0.795, 0.4714, 0.503, 0.6044, 0.3312, 0.6766], "f1_class_std": [0.1101, 0.3015, 0.2028, 0.1317, 0.2601, 0.0974, 0.1836, 0.1903, 0.1289], "sensitivity_class_avg": [0.863, 0.5274, 0.373, 0.794, 0.4782, 0.5552, 0.6256, 0.3318, 0.6488], "sensitivity_class_std": [0.1351, 0.3388, 0.3352, 0.2014, 0.3089, 0.1942, 0.1021, 0.2015, 0.1383], "sensitivity_avg_avg": 0.5774, "sensitivity_avg_std": 0.102, "specificity_class_avg": [0.9504, 0.975, 0.9214, 0.977, 0.9702, 0.9036, 0.9324, 0.9428, 0.9534], "specificity_class_std": [0.0497, 0.0426, 0.0927, 0.0193, 0.016, 0.0486, 0.0908, 0.0467, 0.0409], "specificity_avg_avg": 0.9474, "specificity_avg_std": 0.0119, "cm_avg": [[8982.4, 34.0, 33.0, 210.2, 311.0, 209.4, 562.6, 29.2, 35.2], [956.6, 5570.0, 163.8, 56.8, 261.2, 3041.4, 192.6, 303.6, 20.0], [507.8, 777.0, 4294.0, 715.6, 193.4, 1772.0, 264.2, 2016.8, 971.2], [54.0, 9.0, 1691.4, 9174.0, 3.4, 213.8, 257.8, 54.2, 99.4], [1328.2, 4.0, 878.6, 1.4, 4253.2, 228.2, 1595.6, 317.0, 289.8], [617.6, 556.0, 1410.6, 12.4, 601.8, 7515.2, 379.6, 2384.6, 58.2], [223.4, 4.6, 360.4, 49.8, 206.2, 112.8, 5481.6, 9.8, 2314.4], [448.0, 818.4, 1797.2, 13.6, 859.2, 2484.6, 365.8, 3467.2, 192.0], [292.6, 59.2, 601.4, 962.6, 289.0, 258.4, 2533.8, 29.4, 9290.6]], "cm_std": [[1404.088, 61.1097, 44.5915, 377.8938, 441.7859, 294.9268, 1113.2237, 46.5205, 38.5663], [698.2958, 3581.5804, 291.2823, 65.5878, 289.834, 3194.192, 372.8011, 550.9518, 21.8815], [408.7588, 1302.3228, 3860.6863, 1086.65, 185.892, 1893.7148, 468.7504, 2187.1996, 1660.5513], [72.7489, 17.0176, 2135.2511, 2326.5265, 4.9234, 426.1002, 366.8152, 83.0118, 96.1761], [1872.3769, 6.603, 1435.5727, 1.3565, 2748.8497, 411.6967, 2805.9596, 344.4369, 363.2302], [650.2229, 881.6525, 1903.998, 16.0574, 599.9038, 2626.2893, 739.2203, 1762.6964, 51.5612], [382.1197, 9.2, 334.932, 72.3668, 186.0649, 223.6018, 894.0442, 17.1394, 1129.1736], [703.4475, 1492.7128, 2291.5054, 23.2517, 451.7886, 1213.2295, 683.4736, 2103.6803, 316.5975], [438.1053, 118.4, 499.9406, 1618.2144, 323.1817, 412.6667, 1854.6242, 31.4808, 1978.436]], "cm_norm_avg": [[0.8631, 0.0033, 0.0032, 0.0202, 0.0299, 0.0201, 0.0541, 0.0028, 0.0034], [0.0905, 0.5272, 0.0155, 0.0054, 0.0247, 0.2878, 0.0182, 0.0287, 0.0019], [0.0441, 0.0675, 0.373, 0.0622, 0.0168, 0.1539, 0.0229, 0.1752, 0.0844], [0.0047, 0.0008, 0.1464, 0.7938, 0.0003, 0.0185, 0.0223, 0.0047, 0.0086], [0.1493, 0.0004, 0.0988, 0.0002, 0.4781, 0.0257, 0.1794, 0.0356, 0.0326], [0.0456, 0.0411, 0.1042, 0.0009, 0.0445, 0.5552, 0.028, 0.1762, 0.0043], [0.0255, 0.0005, 0.0411, 0.0057, 0.0235, 0.0129, 0.6255, 0.0011, 0.2641], [0.0429, 0.0783, 0.172, 0.0013, 0.0823, 0.2379, 0.035, 0.3319, 0.0184], [0.0204, 0.0041, 0.042, 0.0672, 0.0202, 0.018, 0.177, 0.0021, 0.6489]], "cm_norm_std": [[0.1349, 0.0059, 0.0043, 0.0363, 0.0425, 0.0283, 0.107, 0.0045, 0.0037], [0.0661, 0.339, 0.0276, 0.0062, 0.0274, 0.3023, 0.0353, 0.0521, 0.0021], [0.0355, 0.1131, 0.3354, 0.0944, 0.0161, 0.1645, 0.0407, 0.19, 0.1442], [0.0063, 0.0015, 0.1848, 0.2013, 0.0004, 0.0369, 0.0317, 0.0072, 0.0083], [0.2105, 0.0007, 0.1614, 0.0002, 0.309, 0.0463, 0.3154, 0.0387, 0.0408], [0.048, 0.0651, 0.1407, 0.0012, 0.0443, 0.194, 0.0546, 0.1302, 0.0038], [0.0436, 0.001, 0.0382, 0.0083, 0.0212, 0.0255, 0.102, 0.002, 0.1289], [0.0673, 0.1429, 0.2194, 0.0022, 0.0432, 0.1161, 0.0654, 0.2014, 0.0303], [0.0306, 0.0083, 0.0349, 0.113, 0.0226, 0.0288, 0.1295, 0.0022, 0.1382]]}