{"aca_avg": 0.9236, "aca_std": 0.0, "kappa_avg": 0.939, "kappa_std": 0.0, "acc_class_avg": [0.993, 0.937, 0.933, 0.995, 0.922, 0.827, 0.923, 0.864, 0.919], "acc_class_std": [0.0, 0.0, 0.0, 0.0, 0.0, 0.0, 0.0, 0.0, 0.0], "f1_avg_avg": 0.9213, "f1_avg_std": 0.0, "auc_avg_avg": 0.9868, "auc_avg_std": 0.0, "auc_class_avg": [0.997, 0.993, 0.988, 0.999, 0.993, 0.976, 0.986, 0.967, 0.982], "auc_class_std": [0.0, 0.0, 0.0, 0.0, 0.0, 0.0, 0.0, 0.0, 0.0], "f1_class_avg": [0.953, 0.959, 0.915, 0.979, 0.916, 0.878, 0.923, 0.826, 0.943], "f1_class_std": [0.0, 0.0, 0.0, 0.0, 0.0, 0.0, 0.0, 0.0, 0.0], "sensitivity_class_avg": [0.993, 0.937, 0.933, 0.995, 0.922, 0.827, 0.923, 0.864, 0.919], "sensitivity_class_std": [0.0, 0.0, 0.0, 0.0, 0.0, 0.0, 0.0, 0.0, 0.0], "sensitivity_avg_avg": 0.9237, "sensitivity_avg_std": 0.0, "specificity_class_avg": [0.989, 0.998, 0.986, 0.995, 0.991, 0.991, 0.993, 0.973, 0.995], "specificity_class_std": [0.0, 0.0, 0.0, 0.0, 0.0, 0.0, 0.0, 0.0, 0.0], "specificity_avg_avg": 0.9901, "specificity_avg_std": 0.0, "cm_avg": [[10338.0, 45.0, 0.0, 0.0, 8.0, 4.0, 0.0, 12.0, 0.0], [298.0, 9905.0, 14.0, 113.0, 236.0, 0.0, 0.0, 0.0, 0.0], [17.0, 133.0, 10738.0, 28.0, 11.0, 80.0, 0.0, 403.0, 102.0], [0.0, 0.0, 52.0, 11497.0, 0.0, 0.0, 2.0, 4.0, 2.0], [322.0, 3.0, 68.0, 0.0, 8198.0, 10.0, 101.0, 163.0, 31.0], [278.0, 8.0, 236.0, 7.0, 24.0, 11188.0, 14.0, 1743.0, 38.0], [9.0, 1.0, 123.0, 45.0, 267.0, 1.0, 8084.0, 8.0, 225.0], [6.0, 1.0, 469.0, 12.0, 224.0, 663.0, 9.0, 9024.0, 38.0], [19.0, 0.0, 271.0, 225.0, 41.0, 3.0, 537.0, 59.0, 13162.0]], "cm_std": [[0.0, 0.0, 0.0, 0.0, 0.0, 0.0, 0.0, 0.0, 0.0], [0.0, 0.0, 0.0, 0.0, 0.0, 0.0, 0.0, 0.0, 0.0], [0.0, 0.0, 0.0, 0.0, 0.0, 0.0, 0.0, 0.0, 0.0], [0.0, 0.0, 0.0, 0.0, 0.0, 0.0, 0.0, 0.0, 0.0], [0.0, 0.0, 0.0, 0.0, 0.0, 0.0, 0.0, 0.0, 0.0], [0.0, 0.0, 0.0, 0.0, 0.0, 0.0, 0.0, 0.0, 0.0], [0.0, 0.0, 0.0, 0.0, 0.0, 0.0, 0.0, 0.0, 0.0], [0.0, 0.0, 0.0, 0.0, 0.0, 0.0, 0.0, 0.0, 0.0], [0.0, 0.0, 0.0, 0.0, 0.0, 0.0, 0.0, 0.0, 0.0]], "cm_norm_avg": [[0.9934, 0.0043, 0.0, 0.0, 0.0008, 0.0004, 0.0, 0.0012, 0.0], [0.0282, 0.9374, 0.0013, 0.0107, 0.0223, 0.0, 0.0, 0.0, 0.0], [0.0015, 0.0116, 0.9328, 0.0024, 0.001, 0.0069, 0.0, 0.035, 0.0089], [0.0, 0.0, 0.0045, 0.9948, 0.0, 0.0, 0.0002, 0.0003, 0.0002], [0.0362, 0.0003, 0.0076, 0.0, 0.9215, 0.0011, 0.0114, 0.0183, 0.0035], [0.0205, 0.0006, 0.0174, 0.0005, 0.0018, 0.8265, 0.001, 0.1288, 0.0028], [0.001, 0.0001, 0.014, 0.0051, 0.0305, 0.0001, 0.9225, 0.0009, 0.0257], [0.0006, 0.0001, 0.0449, 0.0011, 0.0214, 0.0635, 0.0009, 0.8639, 0.0036], [0.0013, 0.0, 0.0189, 0.0157, 0.0029, 0.0002, 0.0375, 0.0041, 0.9193]], "cm_norm_std": [[0.0, 0.0, 0.0, 0.0, 0.0, 0.0, 0.0, 0.0, 0.0], [0.0, 0.0, 0.0, 0.0, 0.0, 0.0, 0.0, 0.0, 0.0], [0.0, 0.0, 0.0, 0.0, 0.0, 0.0, 0.0, 0.0, 0.0], [0.0, 0.0, 0.0, 0.0, 0.0, 0.0, 0.0, 0.0, 0.0], [0.0, 0.0, 0.0, 0.0, 0.0, 0.0, 0.0, 0.0, 0.0], [0.0, 0.0, 0.0, 0.0, 0.0, 0.0, 0.0, 0.0, 0.0], [0.0, 0.0, 0.0, 0.0, 0.0, 0.0, 0.0, 0.0, 0.0], [0.0, 0.0, 0.0, 0.0, 0.0, 0.0, 0.0, 0.0, 0.0], [0.0, 0.0, 0.0, 0.0, 0.0, 0.0, 0.0, 0.0, 0.0]]}