{"aca_avg": 0.3994, "aca_std": 0.0785, "kappa_avg": 0.459, "kappa_std": 0.2079, "acc_class_avg": [0.8814, 0.1408, 0.288, 0.2872], "acc_class_std": [0.1662, 0.1338, 0.237, 0.2066], "f1_avg_avg": 0.3365, "f1_avg_std": 0.1088, "auc_avg_avg": 0.5263, "auc_avg_std": 0.0038, "auc_class_avg": [0.137, 0.4046, 0.7568, 0.8068], "auc_class_std": [0.0683, 0.0497, 0.0484, 0.0412], "f1_class_avg": [0.6646, 0.1392, 0.342, 0.2], "f1_class_std": [0.1145, 0.1157, 0.2231, 0.1045], "sensitivity_class_avg": [0.8814, 0.1408, 0.288, 0.2872], "sensitivity_class_std": [0.1662, 0.1338, 0.237, 0.2066], "sensitivity_avg_avg": 0.3994, "sensitivity_avg_std": 0.0785, "specificity_class_avg": [0.637, 0.8872, 0.8864, 0.8354], "specificity_class_std": [0.2592, 0.1197, 0.0888, 0.199], "specificity_avg_avg": 0.8115, "specificity_avg_std": 0.0343, "cm_avg": [[567.6, 16.2, 5.4, 54.8], [233.2, 55.4, 53.0, 51.4], [256.0, 146.4, 245.8, 204.8], [47.4, 32.2, 85.8, 66.6]], "cm_std": [[106.9572, 14.6615, 7.9145, 106.6047], [93.9923, 52.5798, 53.2729, 74.9389], [227.6954, 152.2164, 202.2992, 202.7446], [65.9867, 40.98, 59.4589, 47.9149]], "cm_norm_avg": [[0.8814, 0.0252, 0.0084, 0.0851], [0.5934, 0.141, 0.1349, 0.1308], [0.3001, 0.1716, 0.2882, 0.2401], [0.2043, 0.1388, 0.3698, 0.2871]], "cm_norm_std": [[0.1661, 0.0228, 0.0123, 0.1655], [0.2392, 0.1338, 0.1356, 0.1907], [0.2669, 0.1784, 0.2372, 0.2377], [0.2844, 0.1766, 0.2563, 0.2065]]}