{"aca_avg": 0.5396, "aca_std": 0.049, "kappa_avg": 0.6226, "kappa_std": 0.0572, "acc_class_avg": [0.7918, 0.5788, 0.3264, 0.4612], "acc_class_std": [0.1278, 0.1675, 0.1392, 0.2353], "f1_avg_avg": 0.4998, "f1_avg_std": 0.0262, "auc_avg_avg": 0.6922, "auc_avg_std": 0.0295, "auc_class_avg": [0.8402, 0.6562, 0.595, 0.6776], "auc_class_std": [0.0615, 0.0626, 0.0556, 0.1225], "f1_class_avg": [0.7684, 0.4204, 0.411, 0.3996], "f1_class_std": [0.076, 0.0843, 0.1237, 0.1617], "sensitivity_class_avg": [0.7918, 0.5788, 0.3264, 0.4612], "sensitivity_class_std": [0.1278, 0.1675, 0.1392, 0.2353], "sensitivity_avg_avg": 0.5396, "sensitivity_avg_std": 0.0491, "specificity_class_avg": [0.888, 0.734, 0.8638, 0.8938], "specificity_class_std": [0.0173, 0.1048, 0.0809, 0.0818], "specificity_avg_avg": 0.8449, "specificity_avg_std": 0.0113, "cm_avg": [[510.0, 79.0, 40.2, 14.8], [87.2, 227.4, 60.2, 18.2], [70.4, 336.0, 278.6, 168.0], [7.8, 45.0, 72.2, 107.0]], "cm_std": [[82.2995, 87.0356, 49.3453, 10.7592], [7.8333, 65.8562, 64.3565, 32.9205], [17.6023, 174.6517, 118.9447, 117.257], [8.4711, 40.8314, 51.9785, 54.5271]], "cm_norm_avg": [[0.7919, 0.1227, 0.0624, 0.023], [0.2219, 0.5786, 0.1532, 0.0463], [0.0825, 0.3939, 0.3266, 0.197], [0.0336, 0.194, 0.3112, 0.4612]], "cm_norm_std": [[0.1278, 0.1351, 0.0766, 0.0167], [0.0199, 0.1676, 0.1638, 0.0838], [0.0206, 0.2047, 0.1394, 0.1375], [0.0365, 0.176, 0.224, 0.235]]}