{"aca_avg": 0.8685, "aca_std": 0.0162, "kappa_avg": 0.9112, "kappa_std": 0.0097, "acc_class_avg": [0.9732, 0.949, 0.8752, 0.9798, 0.8926, 0.694, 0.8674, 0.761, 0.824], "acc_class_std": [0.0116, 0.0265, 0.0503, 0.0233, 0.0632, 0.1836, 0.0785, 0.1496, 0.076], "f1_avg_avg": 0.8623, "f1_avg_std": 0.0191, "auc_avg_avg": 0.9551, "auc_avg_std": 0.008, "auc_class_avg": [0.9886, 0.971, 0.943, 0.9948, 0.9722, 0.9242, 0.9748, 0.87, 0.9576], "auc_class_std": [0.0041, 0.0179, 0.0215, 0.0029, 0.0057, 0.0375, 0.0049, 0.0302, 0.0097], "f1_class_avg": [0.958, 0.947, 0.8822, 0.9736, 0.8696, 0.748, 0.8232, 0.7006, 0.8584], "f1_class_std": [0.0173, 0.0195, 0.0144, 0.0085, 0.0176, 0.118, 0.0244, 0.0342, 0.033], "sensitivity_class_avg": [0.9732, 0.949, 0.8752, 0.9798, 0.8926, 0.694, 0.8674, 0.761, 0.824], "sensitivity_class_std": [0.0116, 0.0265, 0.0503, 0.0233, 0.0632, 0.1836, 0.0785, 0.1496, 0.076], "sensitivity_avg_avg": 0.8685, "sensitivity_avg_std": 0.0163, "specificity_class_avg": [0.993, 0.9934, 0.9856, 0.9958, 0.9846, 0.9806, 0.9768, 0.9518, 0.9844], "specificity_class_std": [0.0042, 0.0083, 0.0109, 0.0015, 0.0079, 0.0142, 0.0133, 0.0347, 0.0118], "specificity_avg_avg": 0.9829, "specificity_avg_std": 0.0025, "cm_avg": [[10129.4, 111.2, 1.4, 0.6, 117.4, 7.4, 5.4, 28.2, 6.0], [27.2, 10027.6, 112.4, 18.0, 348.6, 7.8, 1.2, 22.2, 1.0], [18.4, 344.8, 10077.4, 98.0, 9.0, 120.4, 25.0, 596.0, 223.0], [0.0, 1.2, 36.2, 11324.4, 0.4, 0.0, 11.0, 23.4, 160.4], [280.2, 60.0, 66.0, 0.6, 7940.0, 31.0, 62.8, 335.6, 119.8], [261.6, 35.8, 367.6, 11.2, 169.8, 9393.6, 41.6, 3191.2, 63.6], [11.6, 1.2, 14.4, 53.2, 374.2, 0.4, 7603.0, 11.4, 693.6], [7.6, 44.6, 426.4, 13.2, 328.8, 1496.0, 114.2, 7947.0, 68.2], [11.4, 5.4, 243.4, 186.4, 75.4, 13.6, 1867.0, 118.0, 11796.4]], "cm_std": [[121.261, 120.1988, 1.7436, 0.4899, 139.7048, 5.7827, 4.4989, 20.2129, 11.0272], [36.1961, 280.7045, 142.5014, 19.7687, 254.8243, 7.8333, 1.4697, 41.4652, 2.0], [11.2178, 374.2996, 578.1372, 39.2428, 6.0992, 106.1425, 25.5578, 484.1562, 141.4115], [0.0, 2.4, 55.4559, 267.301, 0.4899, 0.0, 15.1394, 28.5419, 290.9217], [249.5455, 114.0105, 75.0653, 0.4899, 559.6603, 22.6186, 33.6714, 335.3521, 157.718], [122.8163, 48.01, 176.5793, 3.763, 157.2315, 2488.6084, 53.2038, 2536.0972, 43.0377], [13.6323, 1.4697, 12.0266, 27.088, 172.9895, 0.4899, 688.2125, 9.0022, 552.4877], [7.1162, 74.0638, 351.1886, 11.7541, 299.7942, 1117.3699, 213.9209, 1563.7021, 50.2131], [14.4305, 10.8, 280.4914, 117.8484, 56.461, 19.2, 972.525, 78.8086, 1086.3687]], "cm_norm_avg": [[0.9733, 0.0107, 0.0001, 0.0001, 0.0113, 0.0007, 0.0005, 0.0027, 0.0006], [0.0026, 0.949, 0.0106, 0.0017, 0.033, 0.0007, 0.0001, 0.0021, 0.0001], [0.0016, 0.03, 0.8754, 0.0085, 0.0008, 0.0105, 0.0022, 0.0518, 0.0194], [0.0, 0.0001, 0.0031, 0.9799, 0.0, 0.0, 0.001, 0.002, 0.0139], [0.0315, 0.0067, 0.0074, 0.0001, 0.8925, 0.0035, 0.0071, 0.0377, 0.0135], [0.0193, 0.0026, 0.0272, 0.0008, 0.0125, 0.694, 0.0031, 0.2358, 0.0047], [0.0013, 0.0001, 0.0016, 0.0061, 0.0427, 0.0, 0.8676, 0.0013, 0.0792], [0.0007, 0.0043, 0.0408, 0.0013, 0.0315, 0.1432, 0.0109, 0.7608, 0.0065], [0.0008, 0.0004, 0.017, 0.013, 0.0053, 0.0009, 0.1304, 0.0082, 0.8239]], "cm_norm_std": [[0.0117, 0.0115, 0.0002, 0.0, 0.0134, 0.0006, 0.0004, 0.0019, 0.0011], [0.0034, 0.0266, 0.0135, 0.0019, 0.0241, 0.0007, 0.0001, 0.0039, 0.0002], [0.001, 0.0325, 0.0502, 0.0034, 0.0005, 0.0092, 0.0022, 0.0421, 0.0123], [0.0, 0.0002, 0.0048, 0.0231, 0.0, 0.0, 0.0013, 0.0025, 0.0252], [0.0281, 0.0128, 0.0084, 0.0001, 0.0629, 0.0025, 0.0038, 0.0377, 0.0177], [0.0091, 0.0035, 0.013, 0.0003, 0.0116, 0.1839, 0.0039, 0.1874, 0.0032], [0.0016, 0.0002, 0.0014, 0.0031, 0.0197, 0.0001, 0.0785, 0.001, 0.063], [0.0007, 0.0071, 0.0336, 0.0011, 0.0287, 0.107, 0.0205, 0.1497, 0.0048], [0.001, 0.0008, 0.0196, 0.0082, 0.0039, 0.0013, 0.0679, 0.0055, 0.0759]]}