{"aca_avg": 0.4913, "aca_std": 0.0503, "kappa_avg": 0.4758, "kappa_std": 0.099, "acc_class_avg": [0.6072, 0.453, 0.4644, 0.4406], "acc_class_std": [0.0841, 0.1757, 0.0884, 0.1337], "f1_avg_avg": 0.475, "f1_avg_std": 0.0394, "auc_avg_avg": 0.6443, "auc_avg_std": 0.0704, "auc_class_avg": [0.7702, 0.7794, 0.6122, 0.4154], "auc_class_std": [0.0736, 0.0169, 0.0571, 0.1633], "f1_class_avg": [0.6582, 0.3794, 0.5014, 0.3608], "f1_class_std": [0.0739, 0.0834, 0.0358, 0.078], "sensitivity_class_avg": [0.6072, 0.453, 0.4644, 0.4406], "sensitivity_class_std": [0.0841, 0.1757, 0.0884, 0.1337], "sensitivity_avg_avg": 0.4913, "sensitivity_avg_std": 0.0502, "specificity_class_avg": [0.898, 0.8, 0.7484, 0.8736], "specificity_class_std": [0.0225, 0.0771, 0.1009, 0.082], "specificity_avg_avg": 0.83, "specificity_avg_std": 0.0142, "cm_avg": [[391.2, 82.0, 124.4, 46.4], [61.0, 178.0, 133.2, 20.8], [64.0, 221.2, 396.0, 171.8], [25.6, 42.4, 61.8, 102.2]], "cm_std": [[54.1568, 27.3861, 54.7452, 53.3127], [12.6016, 69.1404, 71.2444, 28.3295], [17.3436, 108.5125, 75.3764, 79.1793], [12.8468, 31.1936, 14.0342, 30.9864]], "cm_norm_avg": [[0.6075, 0.1273, 0.1932, 0.072], [0.1552, 0.4529, 0.3389, 0.0529], [0.075, 0.2593, 0.4642, 0.2014], [0.1103, 0.1828, 0.2664, 0.4405]], "cm_norm_std": [[0.0841, 0.0425, 0.085, 0.0828], [0.0321, 0.1759, 0.1813, 0.0721], [0.0203, 0.1272, 0.0884, 0.0928], [0.0554, 0.1345, 0.0605, 0.1336]]}