{"aca_avg": 0.6964, "aca_std": 0.0182, "kappa_avg": 0.7636, "kappa_std": 0.0283, "acc_class_avg": [0.8774, 0.5868, 0.471, 0.8508], "acc_class_std": [0.0538, 0.0604, 0.1035, 0.1057], "f1_avg_avg": 0.6367, "f1_avg_std": 0.0156, "auc_avg_avg": 0.7924, "auc_avg_std": 0.0099, "auc_class_avg": [0.8996, 0.7314, 0.6848, 0.854], "auc_class_std": [0.0325, 0.0228, 0.0383, 0.032], "f1_class_avg": [0.8528, 0.5504, 0.5748, 0.569], "f1_class_std": [0.0422, 0.0305, 0.0686, 0.0312], "sensitivity_class_avg": [0.8774, 0.5868, 0.471, 0.8508], "sensitivity_class_std": [0.0538, 0.0604, 0.1035, 0.1057], "sensitivity_avg_avg": 0.6965, "sensitivity_avg_std": 0.0183, "specificity_class_avg": [0.9216, 0.8762, 0.8988, 0.8574], "specificity_class_std": [0.0161, 0.0293, 0.0408, 0.0478], "specificity_avg_avg": 0.8885, "specificity_avg_std": 0.0041, "cm_avg": [[565.0, 44.6, 19.0, 15.4], [57.4, 230.6, 85.8, 19.2], [53.8, 162.6, 401.6, 235.0], [4.4, 6.6, 23.6, 197.4]], "cm_std": [[34.6699, 29.7496, 8.0994, 7.4993], [16.9894, 23.7453, 32.8719, 12.5921], [9.3467, 48.8696, 88.4909, 80.292], [5.2383, 3.3823, 19.602, 24.5406]], "cm_norm_avg": [[0.8773, 0.0693, 0.0295, 0.0239], [0.1461, 0.5868, 0.2183, 0.0489], [0.0631, 0.1906, 0.4708, 0.2755], [0.019, 0.0284, 0.1017, 0.8509]], "cm_norm_std": [[0.0538, 0.0462, 0.0126, 0.0116], [0.0432, 0.0604, 0.0836, 0.032], [0.011, 0.0573, 0.1037, 0.0941], [0.0226, 0.0146, 0.0845, 0.1058]]}