{"aca_avg": 0.9086, "aca_std": 0.007, "kappa_avg": 0.9322, "kappa_std": 0.0041, "acc_class_avg": [0.9794, 0.9468, 0.9124, 0.9958, 0.9506, 0.8286, 0.9216, 0.7898, 0.8522], "acc_class_std": [0.0157, 0.0214, 0.0247, 0.0022, 0.0158, 0.039, 0.009, 0.046, 0.0222], "f1_avg_avg": 0.9038, "f1_avg_std": 0.0077, "auc_avg_avg": 0.9687, "auc_avg_std": 0.0045, "auc_class_avg": [0.991, 0.9798, 0.9602, 0.9942, 0.9826, 0.96, 0.9792, 0.9128, 0.9582], "auc_class_std": [0.0028, 0.0094, 0.015, 0.0022, 0.005, 0.0072, 0.0021, 0.031, 0.0119], "f1_class_avg": [0.9622, 0.9608, 0.9124, 0.9818, 0.8922, 0.8562, 0.8776, 0.7878, 0.9028], "f1_class_std": [0.0047, 0.0128, 0.0125, 0.005, 0.0166, 0.0185, 0.0156, 0.0096, 0.0159], "sensitivity_class_avg": [0.9794, 0.9468, 0.9124, 0.9958, 0.9506, 0.8286, 0.9216, 0.7898, 0.8522], "sensitivity_class_std": [0.0157, 0.0214, 0.0247, 0.0022, 0.0158, 0.039, 0.009, 0.046, 0.0222], "sensitivity_avg_avg": 0.9086, "sensitivity_avg_std": 0.007, "specificity_class_avg": [0.9934, 0.997, 0.9884, 0.9956, 0.9824, 0.9834, 0.9828, 0.975, 0.994], "specificity_class_std": [0.0023, 0.0011, 0.0026, 0.0014, 0.0045, 0.0043, 0.0029, 0.0087, 0.0024], "specificity_avg_avg": 0.988, "specificity_avg_std": 0.001, "cm_avg": [[10190.8, 61.2, 0.0, 0.4, 125.0, 12.4, 2.2, 14.4, 0.6], [80.4, 10001.8, 24.4, 23.2, 430.2, 1.2, 0.0, 4.8, 0.0], [21.2, 163.4, 10504.4, 99.4, 18.6, 106.2, 13.0, 445.6, 140.2], [0.4, 0.0, 8.0, 11506.0, 0.6, 0.0, 27.2, 5.6, 9.2], [142.6, 6.0, 42.6, 0.4, 8458.6, 42.2, 39.8, 128.6, 35.2], [296.8, 11.2, 246.2, 11.2, 157.4, 11215.6, 19.8, 1504.6, 73.2], [13.0, 0.8, 24.0, 61.0, 388.0, 0.0, 8076.6, 6.8, 192.8], [10.6, 2.2, 447.8, 16.0, 385.0, 1270.4, 10.6, 8252.4, 51.0], [21.8, 3.2, 216.6, 164.6, 107.4, 6.6, 1457.8, 139.0, 12200.0]], "cm_std": [[164.4815, 16.606, 0.0, 0.4899, 169.6844, 3.5553, 1.6, 1.8547, 1.2], [137.1286, 224.3358, 25.6172, 20.488, 254.6821, 1.1662, 0.0, 7.2498, 0.0], [9.7036, 93.848, 283.8891, 44.733, 13.0323, 57.5757, 14.6014, 151.2331, 56.9716], [0.4899, 0.0, 8.1731, 25.4951, 0.8, 0.0, 28.6943, 2.245, 8.3762], [143.9369, 5.6921, 18.3259, 0.4899, 139.2962, 58.7517, 13.121, 49.082, 14.6479], [36.7826, 4.0694, 59.9513, 4.0694, 31.7024, 528.032, 20.8844, 502.2886, 81.3767], [12.1326, 0.4, 22.3964, 28.0, 101.1533, 0.0, 79.4018, 2.9257, 55.1558], [3.0067, 1.9391, 189.3498, 6.4807, 159.8537, 281.7556, 7.1442, 480.4301, 17.7764], [27.7806, 4.3543, 60.5363, 89.135, 27.3759, 5.4259, 197.5676, 104.7416, 317.4845]], "cm_norm_avg": [[0.9792, 0.0059, 0.0, 0.0, 0.012, 0.0012, 0.0002, 0.0014, 0.0001], [0.0076, 0.9466, 0.0023, 0.0022, 0.0407, 0.0001, 0.0, 0.0005, 0.0], [0.0018, 0.0142, 0.9125, 0.0086, 0.0016, 0.0092, 0.0011, 0.0387, 0.0122], [0.0, 0.0, 0.0007, 0.9956, 0.0001, 0.0, 0.0024, 0.0005, 0.0008], [0.016, 0.0007, 0.0048, 0.0, 0.9508, 0.0047, 0.0045, 0.0145, 0.004], [0.0219, 0.0008, 0.0182, 0.0008, 0.0116, 0.8286, 0.0015, 0.1112, 0.0054], [0.0015, 0.0001, 0.0027, 0.007, 0.0443, 0.0, 0.9217, 0.0008, 0.022], [0.001, 0.0002, 0.0429, 0.0015, 0.0369, 0.1216, 0.001, 0.79, 0.0049], [0.0015, 0.0002, 0.0151, 0.0115, 0.0075, 0.0005, 0.1018, 0.0097, 0.8521]], "cm_norm_std": [[0.0158, 0.0016, 0.0, 0.0, 0.0163, 0.0003, 0.0002, 0.0002, 0.0001], [0.013, 0.0212, 0.0024, 0.0019, 0.0241, 0.0001, 0.0, 0.0007, 0.0], [0.0008, 0.0082, 0.0247, 0.0039, 0.0011, 0.005, 0.0013, 0.0131, 0.0049], [0.0, 0.0, 0.0007, 0.0022, 0.0001, 0.0, 0.0025, 0.0002, 0.0007], [0.0162, 0.0006, 0.0021, 0.0001, 0.0157, 0.0066, 0.0015, 0.0055, 0.0016], [0.0027, 0.0003, 0.0044, 0.0003, 0.0023, 0.039, 0.0015, 0.0371, 0.006], [0.0014, 0.0, 0.0026, 0.0032, 0.0115, 0.0, 0.0091, 0.0003, 0.0063], [0.0003, 0.0002, 0.0181, 0.0006, 0.0153, 0.027, 0.0007, 0.046, 0.0017], [0.0019, 0.0003, 0.0042, 0.0062, 0.0019, 0.0004, 0.0138, 0.0073, 0.0222]]}