{"aca_avg": 0.353, "aca_std": 0.1101, "kappa_avg": 0.1562, "kappa_std": 0.3307, "acc_class_avg": [0.5054, 0.475, 0.125, 0.307], "acc_class_std": [0.2399, 0.0865, 0.0859, 0.3081], "f1_avg_avg": 0.2966, "f1_avg_std": 0.0909, "auc_avg_avg": 0.5409, "auc_avg_std": 0.0175, "auc_class_avg": [0.0946, 0.549, 0.7888, 0.731], "auc_class_std": [0.0306, 0.0216, 0.0132, 0.0346], "f1_class_avg": [0.4414, 0.3566, 0.1956, 0.1928], "f1_class_std": [0.213, 0.0349, 0.1276, 0.1283], "sensitivity_class_avg": [0.5054, 0.475, 0.125, 0.307], "sensitivity_class_std": [0.2399, 0.0865, 0.0859, 0.3081], "sensitivity_avg_avg": 0.3531, "sensitivity_avg_std": 0.1101, "specificity_class_avg": [0.6416, 0.7326, 0.953, 0.799], "specificity_class_std": [0.1633, 0.0662, 0.0387, 0.1407], "specificity_avg_avg": 0.7816, "specificity_avg_std": 0.0336, "cm_avg": [[325.4, 205.6, 12.2, 100.8], [128.8, 186.6, 26.8, 50.8], [277.0, 240.8, 106.6, 228.6], [124.2, 16.2, 20.4, 71.2]], "cm_std": [[154.4689, 101.0715, 15.0386, 128.3174], [24.8226, 33.9388, 20.9323, 46.4345], [147.8675, 102.6146, 73.3338, 151.5686], [79.1717, 15.9298, 31.7591, 71.4434]], "cm_norm_avg": [[0.5053, 0.3193, 0.0189, 0.1565], [0.3277, 0.4748, 0.0682, 0.1293], [0.3247, 0.2823, 0.125, 0.268], [0.5353, 0.0698, 0.0879, 0.3069]], "cm_norm_std": [[0.2399, 0.1569, 0.0234, 0.1993], [0.0632, 0.0864, 0.0533, 0.1182], [0.1733, 0.1203, 0.086, 0.1777], [0.3413, 0.0687, 0.1369, 0.3079]]}