{"aca_avg": 0.7158, "aca_std": 0.029, "kappa_avg": 0.5938, "kappa_std": 0.0581, "acc_class_avg": [0.8312, 0.578, 0.6696, 0.4576, 0.8644, 0.4534, 0.997, 0.9314, 0.4382, 0.8016, 0.5138, 0.9902, 0.5704, 0.7954, 0.5818, 0.9788], "acc_class_std": [0.0349, 0.1387, 0.1039, 0.0958, 0.0206, 0.1231, 0.006, 0.0281, 0.1084, 0.0536, 0.1856, 0.0038, 0.1413, 0.0822, 0.0825, 0.0064], "f1_avg_avg": 0.6356, "f1_avg_std": 0.0314, "auc_avg_avg": 0.8658, "auc_avg_std": 0.0013, "auc_class_avg": [0.915, 0.858, 0.7968, 0.8084, 0.8516, 0.714, 0.9582, 0.9702, 0.7924, 0.929, 0.8, 0.9498, 0.852, 0.9554, 0.7406, 0.9606], "auc_class_std": [0.0121, 0.0206, 0.051, 0.0162, 0.0231, 0.0425, 0.0068, 0.0082, 0.0166, 0.0106, 0.0357, 0.0138, 0.0161, 0.007, 0.0284, 0.0122], "f1_class_avg": [0.7054, 0.4812, 0.6352, 0.5444, 0.8204, 0.3834, 0.2866, 0.9544, 0.3428, 0.7852, 0.3154, 0.9852, 0.6004, 0.673, 0.691, 0.965], "f1_class_std": [0.0756, 0.0998, 0.1207, 0.0908, 0.0257, 0.0297, 0.0732, 0.0131, 0.0401, 0.0405, 0.0554, 0.0032, 0.113, 0.0862, 0.0514, 0.006], "sensitivity_class_avg": [0.8312, 0.578, 0.6696, 0.4576, 0.8644, 0.4534, 0.997, 0.9314, 0.4382, 0.8016, 0.5138, 0.9902, 0.5704, 0.7954, 0.5818, 0.9788], "sensitivity_class_std": [0.0349, 0.1387, 0.1039, 0.0958, 0.0206, 0.1231, 0.006, 0.0281, 0.1084, 0.0536, 0.1856, 0.0038, 0.1413, 0.0822, 0.0825, 0.0064], "sensitivity_avg_avg": 0.7158, "sensitivity_avg_std": 0.0289, "specificity_class_avg": [0.9812, 0.9456, 0.9868, 0.9706, 0.9928, 0.9856, 0.9874, 0.9986, 0.9864, 0.975, 0.971, 0.9972, 0.9668, 0.9796, 0.9802, 0.9948], "specificity_class_std": [0.0085, 0.0128, 0.0155, 0.0107, 0.0013, 0.0077, 0.0037, 0.0014, 0.0087, 0.0101, 0.0149, 0.0013, 0.0188, 0.0093, 0.0104, 0.0018], "specificity_avg_avg": 0.9812, "specificity_avg_std": 0.0019, "cm_avg": [[768.0, 6.8, 39.8, 13.0, 1.8, 28.6, 0.0, 0.0, 0.4, 3.0, 18.2, 0.0, 22.0, 5.8, 15.2, 1.4], [0.6, 1018.2, 0.0, 164.2, 23.0, 7.2, 34.4, 0.0, 20.0, 54.4, 5.8, 0.0, 299.6, 110.4, 18.2, 6.0], [49.6, 11.4, 448.0, 2.2, 2.6, 35.4, 0.8, 0.0, 0.0, 0.2, 62.6, 1.6, 0.0, 0.0, 54.6, 0.0], [286.2, 202.8, 10.8, 1588.0, 44.6, 30.2, 4.8, 7.0, 26.2, 444.2, 38.4, 0.6, 429.6, 249.4, 79.2, 28.0], [0.2, 27.2, 0.0, 8.6, 707.0, 11.0, 6.4, 0.0, 17.0, 0.0, 9.2, 4.8, 0.8, 5.2, 9.6, 11.0], [10.4, 3.0, 4.2, 3.4, 4.8, 199.0, 5.6, 1.6, 8.6, 1.0, 127.4, 7.0, 2.0, 0.0, 60.2, 0.8], [0.0, 0.2, 0.0, 0.0, 0.0, 0.0, 65.8, 0.0, 0.0, 0.0, 0.0, 0.0, 0.0, 0.0, 0.0, 0.0], [1.0, 6.2, 0.2, 3.8, 0.0, 7.6, 6.4, 1855.4, 60.8, 16.6, 2.0, 0.0, 4.0, 15.4, 8.2, 4.4], [5.2, 12.6, 7.0, 11.4, 16.4, 5.2, 2.8, 11.0, 142.4, 38.2, 8.2, 0.0, 15.0, 12.6, 3.4, 33.6], [24.4, 38.4, 1.2, 152.6, 1.6, 10.8, 11.6, 12.8, 152.6, 2094.8, 0.6, 0.0, 20.6, 22.8, 59.6, 8.6], [2.0, 7.4, 3.2, 0.8, 4.8, 69.0, 11.2, 0.0, 0.8, 0.8, 238.4, 3.2, 1.2, 0.0, 120.6, 0.6], [1.4, 0.2, 1.0, 0.0, 5.2, 8.6, 11.0, 0.4, 0.2, 0.2, 2.2, 3404.4, 0.2, 0.0, 2.6, 0.4], [4.8, 610.0, 0.0, 221.4, 27.2, 10.0, 2.6, 5.0, 18.4, 28.4, 59.4, 0.0, 1527.6, 126.2, 20.0, 17.0], [3.6, 27.8, 0.0, 42.8, 3.2, 4.0, 0.4, 0.6, 49.0, 40.2, 0.0, 0.0, 19.8, 748.6, 0.0, 1.0], [116.0, 474.4, 294.4, 88.0, 51.4, 171.0, 252.6, 0.0, 21.6, 2.2, 466.0, 48.4, 30.2, 7.4, 2836.4, 15.0], [2.6, 3.2, 0.0, 14.2, 12.8, 0.8, 3.6, 0.6, 4.0, 3.2, 0.2, 4.0, 0.8, 1.0, 3.4, 2510.6]], "cm_std": [[32.3975, 5.7411, 23.2069, 6.5422, 1.9391, 35.97, 0.0, 0.0, 0.4899, 2.6833, 17.8482, 0.0, 34.5601, 0.9798, 10.8148, 2.8], [0.8, 244.6961, 0.0, 80.1933, 28.8998, 7.2222, 35.0405, 0.0, 18.0776, 33.1457, 5.7061, 0.0, 90.789, 54.6062, 11.0345, 9.5499], [45.4559, 6.4684, 69.6075, 2.0396, 2.6533, 34.7943, 1.1662, 0.0, 0.0, 0.4, 56.0735, 2.7276, 0.0, 0.0, 24.4998, 0.0], [208.3789, 134.455, 4.8744, 333.469, 41.4661, 29.8824, 5.98, 6.1319, 26.0569, 286.4594, 42.4057, 0.8, 300.8558, 110.2626, 67.597, 15.2971], [0.4, 14.4278, 0.0, 9.2, 16.7093, 12.4097, 6.5299, 0.0, 20.3273, 0.0, 11.5482, 3.4293, 1.6, 6.0133, 9.1782, 8.9443], [10.8922, 2.6077, 2.3152, 3.4409, 3.544, 54.0518, 2.1541, 2.0591, 10.1311, 1.2649, 56.7753, 5.02, 3.5214, 0.0, 28.8957, 0.7483], [0.0, 0.4, 0.0, 0.0, 0.0, 0.0, 0.4, 0.0, 0.0, 0.0, 0.0, 0.0, 0.0, 0.0, 0.0, 0.0], [1.0954, 11.9063, 0.4, 3.2496, 0.0, 7.1442, 3.4986, 56.3155, 58.5949, 15.3049, 1.6733, 0.0, 5.831, 23.3889, 8.3042, 4.8826], [3.4293, 14.7051, 2.6077, 2.7276, 7.6577, 4.4452, 1.3266, 6.9857, 35.2738, 10.1074, 2.1354, 0.0, 10.139, 8.8679, 3.0067, 18.8743], [19.0221, 33.8975, 0.9798, 99.7389, 1.9596, 7.3048, 14.2632, 20.1435, 143.2, 140.4313, 0.8, 0.0, 14.9211, 13.1514, 40.3118, 7.7614], [1.4142, 5.8172, 2.3152, 0.7483, 6.1449, 44.2357, 9.1957, 0.0, 1.1662, 1.6, 86.164, 2.3152, 1.6, 0.0, 84.2914, 0.8], [1.7436, 0.4, 0.8944, 0.0, 6.4931, 7.6315, 10.7145, 0.8, 0.4, 0.4, 1.1662, 13.0323, 0.4, 0.0, 2.8, 0.4899], [2.4, 338.013, 0.0, 121.3962, 9.368, 10.2567, 3.3823, 4.98, 21.5184, 27.0304, 30.8972, 0.0, 379.1325, 72.6454, 23.8076, 3.7947], [3.8781, 24.7419, 0.0, 31.871, 1.4697, 4.2895, 0.4899, 0.4899, 50.7109, 68.5665, 0.0, 0.0, 11.0345, 77.5386, 0.0, 1.5492], [61.113, 225.5177, 423.1277, 59.7093, 20.1256, 114.0193, 65.6859, 0.0, 20.9819, 1.1662, 281.0146, 25.7496, 52.0131, 7.5789, 403.3731, 4.8166], [1.0198, 2.4819, 0.0, 16.6301, 10.4, 1.1662, 2.1541, 1.2, 3.3466, 3.544, 0.4, 4.1473, 1.1662, 1.2649, 2.6533, 16.7523]], "cm_norm_avg": [[0.8312, 0.0074, 0.0431, 0.0141, 0.0019, 0.031, 0.0, 0.0, 0.0004, 0.0032, 0.0197, 0.0, 0.0238, 0.0063, 0.0165, 0.0015], [0.0003, 0.5779, 0.0, 0.0932, 0.0131, 0.0041, 0.0195, 0.0, 0.0114, 0.0309, 0.0033, 0.0, 0.17, 0.0627, 0.0103, 0.0034], [0.0741, 0.017, 0.6697, 0.0033, 0.0039, 0.0529, 0.0012, 0.0, 0.0, 0.0003, 0.0936, 0.0024, 0.0, 0.0, 0.0816, 0.0], [0.0825, 0.0584, 0.0031, 0.4576, 0.0129, 0.0087, 0.0014, 0.002, 0.0076, 0.128, 0.0111, 0.0002, 0.1238, 0.0719, 0.0228, 0.0081], [0.0002, 0.0333, 0.0, 0.0105, 0.8643, 0.0134, 0.0078, 0.0, 0.0208, 0.0, 0.0112, 0.0059, 0.001, 0.0064, 0.0117, 0.0134], [0.0237, 0.0068, 0.0096, 0.0077, 0.0109, 0.4533, 0.0128, 0.0036, 0.0196, 0.0023, 0.2902, 0.0159, 0.0046, 0.0, 0.1371, 0.0018], [0.0, 0.003, 0.0, 0.0, 0.0, 0.0, 0.997, 0.0, 0.0, 0.0, 0.0, 0.0, 0.0, 0.0, 0.0, 0.0], [0.0005, 0.0031, 0.0001, 0.0019, 0.0, 0.0038, 0.0032, 0.9314, 0.0305, 0.0083, 0.001, 0.0, 0.002, 0.0077, 0.0041, 0.0022], [0.016, 0.0388, 0.0215, 0.0351, 0.0505, 0.016, 0.0086, 0.0338, 0.4382, 0.1175, 0.0252, 0.0, 0.0462, 0.0388, 0.0105, 0.1034], [0.0093, 0.0147, 0.0005, 0.0584, 0.0006, 0.0041, 0.0044, 0.0049, 0.0584, 0.8017, 0.0002, 0.0, 0.0079, 0.0087, 0.0228, 0.0033], [0.0043, 0.0159, 0.0069, 0.0017, 0.0103, 0.1487, 0.0241, 0.0, 0.0017, 0.0017, 0.5138, 0.0069, 0.0026, 0.0, 0.2599, 0.0013], [0.0004, 0.0001, 0.0003, 0.0, 0.0015, 0.0025, 0.0032, 0.0001, 0.0001, 0.0001, 0.0006, 0.9902, 0.0001, 0.0, 0.0008, 0.0001], [0.0018, 0.2278, 0.0, 0.0827, 0.0102, 0.0037, 0.001, 0.0019, 0.0069, 0.0106, 0.0222, 0.0, 0.5704, 0.0471, 0.0075, 0.0063], [0.0038, 0.0295, 0.0, 0.0455, 0.0034, 0.0043, 0.0004, 0.0006, 0.0521, 0.0427, 0.0, 0.0, 0.021, 0.7955, 0.0, 0.0011], [0.0238, 0.0973, 0.0604, 0.0181, 0.0105, 0.0351, 0.0518, 0.0, 0.0044, 0.0005, 0.0956, 0.0099, 0.0062, 0.0015, 0.5818, 0.0031], [0.001, 0.0012, 0.0, 0.0055, 0.005, 0.0003, 0.0014, 0.0002, 0.0016, 0.0012, 0.0001, 0.0016, 0.0003, 0.0004, 0.0013, 0.9788]], "cm_norm_std": [[0.0351, 0.0062, 0.0251, 0.0071, 0.0021, 0.0389, 0.0, 0.0, 0.0005, 0.0029, 0.0193, 0.0, 0.0374, 0.0011, 0.0117, 0.003], [0.0005, 0.1389, 0.0, 0.0455, 0.0164, 0.0041, 0.0199, 0.0, 0.0103, 0.0188, 0.0032, 0.0, 0.0515, 0.031, 0.0063, 0.0054], [0.0679, 0.0097, 0.104, 0.003, 0.004, 0.052, 0.0017, 0.0, 0.0, 0.0006, 0.0838, 0.0041, 0.0, 0.0, 0.0366, 0.0], [0.0601, 0.0387, 0.0014, 0.0961, 0.0119, 0.0086, 0.0017, 0.0018, 0.0075, 0.0826, 0.0122, 0.0002, 0.0867, 0.0318, 0.0195, 0.0044], [0.0005, 0.0176, 0.0, 0.0112, 0.0204, 0.0152, 0.008, 0.0, 0.0249, 0.0, 0.0141, 0.0042, 0.002, 0.0074, 0.0112, 0.0109], [0.0248, 0.0059, 0.0053, 0.0078, 0.0081, 0.1231, 0.0049, 0.0047, 0.0231, 0.0029, 0.1293, 0.0114, 0.008, 0.0, 0.0658, 0.0017], [0.0, 0.0061, 0.0, 0.0, 0.0, 0.0, 0.0061, 0.0, 0.0, 0.0, 0.0, 0.0, 0.0, 0.0, 0.0, 0.0], [0.0005, 0.006, 0.0002, 0.0016, 0.0, 0.0036, 0.0018, 0.0283, 0.0294, 0.0077, 0.0008, 0.0, 0.0029, 0.0117, 0.0042, 0.0025], [0.0106, 0.0452, 0.008, 0.0084, 0.0236, 0.0137, 0.0041, 0.0215, 0.1085, 0.0311, 0.0066, 0.0, 0.0312, 0.0273, 0.0093, 0.0581], [0.0073, 0.013, 0.0004, 0.0382, 0.0007, 0.0028, 0.0055, 0.0077, 0.0548, 0.0537, 0.0003, 0.0, 0.0057, 0.005, 0.0154, 0.003], [0.003, 0.0125, 0.005, 0.0016, 0.0132, 0.0953, 0.0198, 0.0, 0.0025, 0.0034, 0.1857, 0.005, 0.0034, 0.0, 0.1817, 0.0017], [0.0005, 0.0001, 0.0003, 0.0, 0.0019, 0.0022, 0.0031, 0.0002, 0.0001, 0.0001, 0.0003, 0.0038, 0.0001, 0.0, 0.0008, 0.0001], [0.0009, 0.1262, 0.0, 0.0453, 0.0035, 0.0038, 0.0013, 0.0019, 0.008, 0.0101, 0.0115, 0.0, 0.1416, 0.0271, 0.0089, 0.0014], [0.0041, 0.0263, 0.0, 0.0339, 0.0016, 0.0046, 0.0005, 0.0005, 0.0539, 0.0729, 0.0, 0.0, 0.0117, 0.0824, 0.0, 0.0016], [0.0125, 0.0463, 0.0868, 0.0122, 0.0041, 0.0234, 0.0135, 0.0, 0.0043, 0.0002, 0.0576, 0.0053, 0.0107, 0.0016, 0.0827, 0.001], [0.0004, 0.001, 0.0, 0.0065, 0.0041, 0.0005, 0.0008, 0.0005, 0.0013, 0.0014, 0.0002, 0.0016, 0.0005, 0.0005, 0.001, 0.0065]]}