{"aca_avg": 0.5492, "aca_std": 0.0679, "kappa_avg": 0.6414, "kappa_std": 0.0746, "acc_class_avg": [0.6678, 0.4808, 0.416, 0.632], "acc_class_std": [0.189, 0.1123, 0.1061, 0.2686], "f1_avg_avg": 0.5001, "f1_avg_std": 0.0571, "auc_avg_avg": 0.6972, "auc_avg_std": 0.042, "auc_class_avg": [0.7718, 0.635, 0.6422, 0.74], "auc_class_std": [0.0813, 0.0549, 0.0389, 0.108], "f1_class_avg": [0.6718, 0.4022, 0.5084, 0.4178], "f1_class_std": [0.125, 0.0761, 0.0879, 0.1199], "sensitivity_class_avg": [0.6678, 0.4808, 0.416, 0.632], "sensitivity_class_std": [0.189, 0.1123, 0.1061, 0.2686], "sensitivity_avg_avg": 0.5492, "sensitivity_avg_std": 0.0679, "specificity_class_avg": [0.8766, 0.7894, 0.8676, 0.8482], "specificity_class_std": [0.0665, 0.0968, 0.0585, 0.0651], "specificity_avg_avg": 0.8454, "specificity_avg_std": 0.0186, "cm_avg": [[430.0, 175.6, 25.2, 13.2], [83.6, 189.0, 85.6, 34.8], [81.0, 178.2, 355.2, 238.6], [18.0, 10.2, 57.2, 146.6]], "cm_std": [[121.6421, 129.415, 34.4407, 11.6172], [41.1903, 44.1316, 39.0005, 23.447], [60.9032, 63.3006, 90.473, 98.0706], [17.47, 15.105, 51.4097, 62.298]], "cm_norm_avg": [[0.6677, 0.2727, 0.0391, 0.0205], [0.2127, 0.4809, 0.2178, 0.0885], [0.095, 0.2089, 0.4164, 0.2797], [0.0776, 0.044, 0.2466, 0.6319]], "cm_norm_std": [[0.1889, 0.201, 0.0535, 0.018], [0.1048, 0.1123, 0.0992, 0.0597], [0.0714, 0.0742, 0.1061, 0.115], [0.0753, 0.0651, 0.2216, 0.2685]]}