{"aca_avg": 0.3821, "aca_std": 0.0626, "kappa_avg": 0.343, "kappa_std": 0.297, "acc_class_avg": [0.5162, 0.3472, 0.4876, 0.1776], "acc_class_std": [0.2925, 0.1825, 0.2821, 0.1878], "f1_avg_avg": 0.3502, "f1_avg_std": 0.067, "auc_avg_avg": 0.5918, "auc_avg_std": 0.0454, "auc_class_avg": [0.6378, 0.6016, 0.597, 0.5308], "auc_class_std": [0.1348, 0.0664, 0.0778, 0.0659], "f1_class_avg": [0.4674, 0.3292, 0.4686, 0.1358], "f1_class_std": [0.21, 0.1606, 0.1639, 0.1019], "sensitivity_class_avg": [0.5162, 0.3472, 0.4876, 0.1776], "sensitivity_class_std": [0.2925, 0.1825, 0.2821, 0.1878], "sensitivity_avg_avg": 0.3822, "sensitivity_avg_std": 0.0626, "specificity_class_avg": [0.7598, 0.856, 0.706, 0.884], "specificity_class_std": [0.2403, 0.1121, 0.2946, 0.0784], "specificity_avg_avg": 0.8014, "specificity_avg_std": 0.029, "cm_avg": [[332.6, 145.4, 106.8, 59.2], [108.8, 136.4, 125.0, 22.8], [200.2, 99.8, 415.8, 137.2], [46.0, 3.6, 141.2, 41.2]], "cm_std": [[188.3981, 147.6626, 206.1091, 62.9743], [62.7293, 71.6871, 122.3634, 17.3828], [235.3928, 61.9497, 240.7226, 121.9367], [80.8035, 3.8781, 78.5173, 43.5495]], "cm_norm_avg": [[0.5165, 0.2258, 0.1658, 0.0919], [0.2768, 0.3471, 0.3181, 0.058], [0.2347, 0.117, 0.4875, 0.1608], [0.1983, 0.0155, 0.6086, 0.1776]], "cm_norm_std": [[0.2925, 0.2293, 0.32, 0.0978], [0.1596, 0.1824, 0.3114, 0.0442], [0.276, 0.0726, 0.2822, 0.143], [0.3483, 0.0167, 0.3384, 0.1877]]}