{"aca_avg": 0.8977, "aca_std": 0.0152, "kappa_avg": 0.9234, "kappa_std": 0.014, "acc_class_avg": [0.9804, 0.9384, 0.9092, 0.9802, 0.9348, 0.8064, 0.911, 0.7782, 0.8404], "acc_class_std": [0.0075, 0.0257, 0.0621, 0.0274, 0.0266, 0.0244, 0.0284, 0.0612, 0.0875], "f1_avg_avg": 0.8926, "f1_avg_std": 0.0174, "auc_avg_avg": 0.9357, "auc_avg_std": 0.0241, "auc_class_avg": [0.98, 0.9902, 0.9006, 0.9492, 0.9576, 0.892, 0.9552, 0.8686, 0.9276], "auc_class_std": [0.0232, 0.0025, 0.0536, 0.0363, 0.0191, 0.046, 0.0144, 0.0526, 0.0446], "f1_class_avg": [0.9646, 0.9548, 0.893, 0.965, 0.8774, 0.85, 0.8692, 0.7726, 0.887], "f1_class_std": [0.0128, 0.0157, 0.0199, 0.0174, 0.0144, 0.0187, 0.0491, 0.0141, 0.0547], "sensitivity_class_avg": [0.9804, 0.9384, 0.9092, 0.9802, 0.9348, 0.8064, 0.911, 0.7782, 0.8404], "sensitivity_class_std": [0.0075, 0.0257, 0.0621, 0.0274, 0.0266, 0.0244, 0.0284, 0.0612, 0.0875], "sensitivity_avg_avg": 0.8977, "sensitivity_avg_std": 0.0152, "specificity_class_avg": [0.9938, 0.997, 0.9838, 0.9932, 0.981, 0.986, 0.9814, 0.9726, 0.9916], "specificity_class_std": [0.0038, 0.0013, 0.0069, 0.0058, 0.0023, 0.0033, 0.0143, 0.0082, 0.0028], "specificity_avg_avg": 0.9867, "specificity_avg_std": 0.0021, "cm_avg": [[10204.8, 46.6, 0.0, 0.0, 118.6, 18.8, 1.0, 17.0, 0.2], [104.0, 9915.2, 54.6, 14.0, 463.0, 5.8, 2.2, 5.0, 2.2], [30.0, 177.6, 10465.2, 238.0, 10.8, 150.6, 13.2, 287.6, 139.0], [0.2, 0.4, 96.4, 11329.0, 0.4, 0.0, 111.6, 4.8, 14.2], [157.0, 24.0, 66.6, 1.0, 8315.2, 41.8, 96.6, 159.6, 34.2], [199.6, 17.6, 266.4, 17.2, 94.2, 10916.4, 13.6, 1909.6, 101.4], [14.2, 0.4, 44.2, 67.8, 361.8, 2.0, 7981.2, 2.2, 289.2], [9.6, 20.2, 559.6, 27.6, 565.4, 975.2, 28.2, 8130.4, 129.8], [35.0, 0.0, 359.8, 236.6, 122.4, 34.4, 1430.2, 63.8, 12034.8]], "cm_std": [[79.154, 31.2064, 0.0, 0.0, 71.768, 6.5544, 1.5492, 6.4187, 0.4], [101.4396, 271.5867, 40.2323, 13.0231, 238.4986, 8.6579, 4.4, 2.4495, 2.9933], [21.9363, 126.5964, 715.3177, 323.7314, 3.3106, 194.3868, 21.9945, 159.2867, 50.0879], [0.4, 0.8, 131.4117, 316.4326, 0.4899, 0.0, 195.4181, 4.6648, 20.999], [165.1775, 33.2806, 37.1839, 1.2649, 237.0995, 50.249, 93.594, 146.3292, 8.565], [64.7413, 13.8939, 136.0994, 13.7317, 50.0376, 330.6137, 9.0465, 584.7761, 75.7353], [10.5717, 0.4899, 48.8729, 52.2854, 110.3656, 1.8974, 248.1495, 1.7205, 153.7236], [7.1162, 11.4612, 198.5594, 34.8746, 328.018, 345.325, 26.4832, 637.6675, 113.3691], [26.5707, 0.0, 340.3459, 205.2273, 46.4483, 38.1345, 1105.6103, 67.8775, 1254.6709]], "cm_norm_avg": [[0.9806, 0.0045, 0.0, 0.0, 0.0114, 0.0018, 0.0001, 0.0016, 0.0], [0.0098, 0.9384, 0.0052, 0.0013, 0.0438, 0.0005, 0.0002, 0.0005, 0.0002], [0.0026, 0.0154, 0.9091, 0.0207, 0.0009, 0.0131, 0.0011, 0.025, 0.0121], [0.0, 0.0, 0.0083, 0.9803, 0.0, 0.0, 0.0097, 0.0004, 0.0012], [0.0176, 0.0027, 0.0075, 0.0001, 0.9347, 0.0047, 0.0109, 0.0179, 0.0038], [0.0147, 0.0013, 0.0197, 0.0013, 0.007, 0.8065, 0.001, 0.1411, 0.0075], [0.0016, 0.0, 0.005, 0.0077, 0.0413, 0.0002, 0.9108, 0.0003, 0.033], [0.0009, 0.0019, 0.0536, 0.0026, 0.0541, 0.0934, 0.0027, 0.7783, 0.0124], [0.0024, 0.0, 0.0251, 0.0165, 0.0085, 0.0024, 0.0999, 0.0045, 0.8406]], "cm_norm_std": [[0.0076, 0.003, 0.0, 0.0, 0.0069, 0.0006, 0.0001, 0.0006, 0.0], [0.0096, 0.0257, 0.0038, 0.0012, 0.0226, 0.0008, 0.0004, 0.0002, 0.0003], [0.0019, 0.011, 0.0621, 0.0281, 0.0003, 0.0169, 0.0019, 0.0138, 0.0044], [0.0, 0.0001, 0.0114, 0.0274, 0.0, 0.0, 0.0169, 0.0004, 0.0018], [0.0186, 0.0037, 0.0042, 0.0001, 0.0267, 0.0056, 0.0105, 0.0164, 0.001], [0.0048, 0.001, 0.0101, 0.001, 0.0037, 0.0244, 0.0007, 0.0432, 0.0056], [0.0012, 0.0001, 0.0056, 0.006, 0.0126, 0.0002, 0.0283, 0.0002, 0.0175], [0.0007, 0.0011, 0.019, 0.0033, 0.0314, 0.0331, 0.0025, 0.061, 0.0109], [0.0019, 0.0, 0.0238, 0.0143, 0.0032, 0.0027, 0.0772, 0.0047, 0.0876]]}