{"aca_avg": 0.4433, "aca_std": 0.0, "kappa_avg": 0.552, "kappa_std": 0.0, "acc_class_avg": [0.672, 0.957, 0.942, 0.001, 0.0, 0.0, 0.762, 0.002, 0.655], "acc_class_std": [0.0, 0.0, 0.0, 0.0, 0.0, 0.0, 0.0, 0.0, 0.0], "f1_avg_avg": 0.3193, "f1_avg_std": 0.0, "auc_avg_avg": 0.9134, "auc_avg_std": 0.0, "auc_class_avg": [0.959, 0.97, 0.953, 0.951, 0.868, 0.932, 0.973, 0.744, 0.871], "auc_class_std": [0.0, 0.0, 0.0, 0.0, 0.0, 0.0, 0.0, 0.0, 0.0], "f1_class_avg": [0.635, 0.601, 0.517, 0.001, 0.0, 0.0, 0.447, 0.003, 0.67], "f1_class_std": [0.0, 0.0, 0.0, 0.0, 0.0, 0.0, 0.0, 0.0, 0.0], "sensitivity_class_avg": [0.672, 0.957, 0.942, 0.001, 0.0, 0.0, 0.762, 0.002, 0.655], "sensitivity_class_std": [0.0, 0.0, 0.0, 0.0, 0.0, 0.0, 0.0, 0.0, 0.0], "sensitivity_avg_avg": 0.4434, "sensitivity_avg_std": 0.0, "specificity_class_avg": [0.949, 0.855, 0.779, 1.0, 1.0, 1.0, 0.842, 1.0, 0.95], "specificity_class_std": [0.0, 0.0, 0.0, 0.0, 0.0, 0.0, 0.0, 0.0, 0.0], "specificity_avg_avg": 0.9306, "specificity_avg_std": 0.0, "cm_avg": [[6990.0, 2260.0, 36.0, 0.0, 0.0, 0.0, 1110.0, 0.0, 11.0], [261.0, 10107.0, 56.0, 0.0, 0.0, 0.0, 123.0, 0.0, 19.0], [70.0, 246.0, 10839.0, 0.0, 0.0, 0.0, 45.0, 0.0, 312.0], [2.0, 10.0, 11200.0, 6.0, 0.0, 0.0, 165.0, 0.0, 174.0], [1326.0, 397.0, 106.0, 0.0, 0.0, 0.0, 7021.0, 0.0, 46.0], [811.0, 6182.0, 4184.0, 0.0, 0.0, 0.0, 632.0, 0.0, 1727.0], [45.0, 6.0, 140.0, 0.0, 0.0, 0.0, 6680.0, 0.0, 1892.0], [2049.0, 3847.0, 2876.0, 0.0, 0.0, 0.0, 1520.0, 18.0, 136.0], [49.0, 31.0, 997.0, 28.0, 0.0, 0.0, 3829.0, 0.0, 9383.0]], "cm_std": [[0.0, 0.0, 0.0, 0.0, 0.0, 0.0, 0.0, 0.0, 0.0], [0.0, 0.0, 0.0, 0.0, 0.0, 0.0, 0.0, 0.0, 0.0], [0.0, 0.0, 0.0, 0.0, 0.0, 0.0, 0.0, 0.0, 0.0], [0.0, 0.0, 0.0, 0.0, 0.0, 0.0, 0.0, 0.0, 0.0], [0.0, 0.0, 0.0, 0.0, 0.0, 0.0, 0.0, 0.0, 0.0], [0.0, 0.0, 0.0, 0.0, 0.0, 0.0, 0.0, 0.0, 0.0], [0.0, 0.0, 0.0, 0.0, 0.0, 0.0, 0.0, 0.0, 0.0], [0.0, 0.0, 0.0, 0.0, 0.0, 0.0, 0.0, 0.0, 0.0], [0.0, 0.0, 0.0, 0.0, 0.0, 0.0, 0.0, 0.0, 0.0]], "cm_norm_avg": [[0.6717, 0.2172, 0.0035, 0.0, 0.0, 0.0, 0.1067, 0.0, 0.0011], [0.0247, 0.9566, 0.0053, 0.0, 0.0, 0.0, 0.0116, 0.0, 0.0018], [0.0061, 0.0214, 0.9415, 0.0, 0.0, 0.0, 0.0039, 0.0, 0.0271], [0.0002, 0.0009, 0.9691, 0.0005, 0.0, 0.0, 0.0143, 0.0, 0.0151], [0.1491, 0.0446, 0.0119, 0.0, 0.0, 0.0, 0.7892, 0.0, 0.0052], [0.0599, 0.4567, 0.3091, 0.0, 0.0, 0.0, 0.0467, 0.0, 0.1276], [0.0051, 0.0007, 0.016, 0.0, 0.0, 0.0, 0.7623, 0.0, 0.2159], [0.1962, 0.3683, 0.2753, 0.0, 0.0, 0.0, 0.1455, 0.0017, 0.013], [0.0034, 0.0022, 0.0696, 0.002, 0.0, 0.0, 0.2674, 0.0, 0.6554]], "cm_norm_std": [[0.0, 0.0, 0.0, 0.0, 0.0, 0.0, 0.0, 0.0, 0.0], [0.0, 0.0, 0.0, 0.0, 0.0, 0.0, 0.0, 0.0, 0.0], [0.0, 0.0, 0.0, 0.0, 0.0, 0.0, 0.0, 0.0, 0.0], [0.0, 0.0, 0.0, 0.0, 0.0, 0.0, 0.0, 0.0, 0.0], [0.0, 0.0, 0.0, 0.0, 0.0, 0.0, 0.0, 0.0, 0.0], [0.0, 0.0, 0.0, 0.0, 0.0, 0.0, 0.0, 0.0, 0.0], [0.0, 0.0, 0.0, 0.0, 0.0, 0.0, 0.0, 0.0, 0.0], [0.0, 0.0, 0.0, 0.0, 0.0, 0.0, 0.0, 0.0, 0.0], [0.0, 0.0, 0.0, 0.0, 0.0, 0.0, 0.0, 0.0, 0.0]]}