{"aca_avg": 0.4709, "aca_std": 0.0382, "kappa_avg": 0.3454, "kappa_std": 0.0726, "acc_class_avg": [0.6096, 0.39, 0.2812, 0.1564, 0.6864, 0.2956, 0.9758, 0.6744, 0.3404, 0.4096, 0.4154, 0.7754, 0.3182, 0.3292, 0.2028, 0.6724], "acc_class_std": [0.1625, 0.2375, 0.1745, 0.0962, 0.1721, 0.1272, 0.0354, 0.1489, 0.2367, 0.2082, 0.3255, 0.1448, 0.2404, 0.3256, 0.2245, 0.3169], "f1_avg_avg": 0.362, "f1_avg_std": 0.045, "auc_avg_avg": 0.7167, "auc_avg_std": 0.021, "auc_class_avg": [0.78, 0.6646, 0.6326, 0.5654, 0.8298, 0.6244, 0.951, 0.8342, 0.6242, 0.6858, 0.682, 0.8854, 0.6372, 0.653, 0.5964, 0.8216], "auc_class_std": [0.0706, 0.0957, 0.0829, 0.0416, 0.0742, 0.0684, 0.0313, 0.0709, 0.0886, 0.0917, 0.1458, 0.0737, 0.0971, 0.1527, 0.1075, 0.1455], "f1_class_avg": [0.4194, 0.3188, 0.2644, 0.2192, 0.5552, 0.1556, 0.0824, 0.7576, 0.0876, 0.4354, 0.1572, 0.85, 0.3152, 0.2516, 0.27, 0.653], "f1_class_std": [0.0866, 0.1217, 0.1169, 0.1137, 0.0671, 0.0667, 0.0374, 0.0722, 0.0435, 0.163, 0.094, 0.1081, 0.1856, 0.1864, 0.2608, 0.187], "sensitivity_class_avg": [0.6096, 0.39, 0.2812, 0.1564, 0.6864, 0.2956, 0.9758, 0.6744, 0.3404, 0.4096, 0.4154, 0.7754, 0.3182, 0.3292, 0.2028, 0.6724], "sensitivity_class_std": [0.1625, 0.2375, 0.1745, 0.0962, 0.1721, 0.1272, 0.0354, 0.1489, 0.2367, 0.2082, 0.3255, 0.1448, 0.2404, 0.3256, 0.2245, 0.3169], "sensitivity_avg_avg": 0.4708, "sensitivity_avg_std": 0.0383, "specificity_class_avg": [0.951, 0.9394, 0.9836, 0.9744, 0.973, 0.953, 0.9266, 0.9934, 0.9084, 0.9614, 0.948, 0.9954, 0.9564, 0.9766, 0.99, 0.971], "specificity_class_std": [0.0327, 0.054, 0.0135, 0.0202, 0.0252, 0.0251, 0.0524, 0.0069, 0.0728, 0.0408, 0.0385, 0.0033, 0.0546, 0.0255, 0.0124, 0.0395], "specificity_avg_avg": 0.9626, "specificity_avg_std": 0.004, "cm_avg": [[563.2, 0.8, 25.6, 67.8, 13.8, 99.2, 14.6, 0.4, 14.2, 2.8, 96.0, 0.8, 11.2, 5.4, 5.6, 2.6], [36.8, 687.6, 1.2, 41.8, 135.0, 1.2, 149.4, 1.4, 74.4, 154.2, 65.2, 12.6, 284.6, 58.4, 31.4, 26.8], [173.4, 4.2, 188.2, 6.4, 11.6, 133.4, 35.6, 0.4, 12.0, 0.2, 81.0, 3.0, 0.2, 0.0, 15.0, 4.4], [309.0, 480.2, 59.8, 542.0, 165.2, 116.2, 57.2, 24.8, 367.8, 411.4, 110.0, 1.8, 488.4, 169.0, 41.2, 126.0], [11.4, 18.4, 0.4, 21.0, 561.6, 5.8, 7.8, 2.8, 75.4, 3.6, 56.6, 2.2, 2.6, 1.6, 9.0, 37.8], [38.0, 5.2, 6.0, 8.8, 15.8, 129.8, 36.0, 0.8, 10.4, 4.2, 137.2, 4.4, 0.4, 2.0, 23.4, 16.6], [0.2, 0.0, 0.0, 0.0, 0.0, 0.0, 64.4, 0.0, 0.0, 0.0, 0.2, 0.0, 0.0, 0.0, 0.4, 0.8], [10.4, 15.0, 1.0, 6.6, 0.0, 54.2, 127.4, 1343.8, 256.6, 35.6, 12.8, 1.4, 20.4, 80.8, 4.0, 22.0], [7.0, 5.0, 6.4, 17.2, 28.2, 21.8, 15.2, 4.2, 110.6, 30.0, 9.4, 0.2, 9.4, 18.4, 6.6, 35.4], [132.8, 77.6, 7.6, 202.6, 5.6, 89.2, 108.0, 69.6, 687.6, 1070.0, 7.4, 1.6, 64.4, 14.4, 7.2, 67.4], [10.6, 18.8, 2.6, 2.8, 12.0, 80.6, 71.8, 0.2, 4.6, 0.6, 192.8, 2.4, 0.2, 0.2, 45.4, 18.4], [9.2, 0.4, 0.8, 0.2, 6.2, 69.0, 428.8, 0.2, 74.4, 3.2, 45.8, 2666.2, 0.0, 0.0, 3.4, 130.2], [76.0, 727.0, 2.4, 36.0, 84.2, 29.6, 105.4, 7.0, 93.0, 223.6, 61.8, 3.4, 852.2, 272.6, 42.6, 61.2], [19.4, 35.4, 0.0, 146.0, 17.2, 3.8, 6.4, 55.0, 88.6, 65.2, 3.2, 0.2, 186.6, 309.8, 0.4, 3.8], [492.6, 207.8, 333.2, 64.6, 215.0, 595.0, 826.8, 1.6, 92.4, 15.4, 734.0, 75.6, 32.8, 10.2, 989.4, 188.6], [2.0, 0.4, 0.8, 6.8, 24.4, 2.4, 61.6, 1.8, 690.6, 25.2, 7.6, 5.4, 4.0, 5.4, 1.6, 1725.0]], "cm_std": [[150.1245, 1.1662, 44.9293, 122.6856, 17.2557, 169.9252, 20.7036, 0.8, 21.1414, 3.0594, 148.3819, 1.6, 22.4, 7.9398, 7.3376, 2.8705], [66.2462, 418.6362, 2.4, 30.3078, 133.2922, 0.7483, 118.0214, 1.9596, 111.5986, 226.9074, 96.5161, 17.951, 313.7124, 60.3278, 35.5168, 32.9812], [96.7587, 5.3814, 116.8168, 7.0597, 18.8743, 85.2774, 37.9663, 0.8, 21.5314, 0.4, 55.4653, 3.7947, 0.4, 0.0, 22.3875, 5.9532], [308.6422, 518.3271, 119.1006, 333.496, 178.0308, 172.9409, 71.3706, 22.9033, 384.1262, 452.3674, 78.9658, 1.833, 619.7027, 204.9859, 52.3771, 167.6007], [14.2632, 25.8967, 0.8, 22.53, 140.719, 7.5472, 4.8332, 5.1147, 100.203, 6.2161, 70.0617, 3.9192, 5.2, 1.4967, 10.198, 50.1534], [35.6987, 7.6263, 3.8987, 9.1739, 19.2811, 55.7616, 40.6448, 0.9798, 7.4726, 7.4135, 107.0204, 3.6111, 0.8, 4.0, 23.4828, 28.9109], [0.4, 0.0, 0.0, 0.0, 0.0, 0.0, 2.3324, 0.0, 0.0, 0.0, 0.4, 0.0, 0.0, 0.0, 0.8, 1.6], [15.7556, 19.0473, 2.0, 8.3809, 0.0, 87.3577, 68.4824, 296.4992, 251.9346, 21.685, 15.0917, 1.2, 36.8597, 149.8885, 8.0, 29.2643], [6.229, 7.0427, 8.0399, 19.3225, 19.8736, 24.1031, 10.6471, 3.1875, 76.8625, 20.2287, 16.8713, 0.4, 10.3267, 25.1762, 12.2082, 41.5336], [142.9985, 76.9899, 9.3509, 261.6766, 8.015, 145.1612, 124.8663, 107.1179, 572.4853, 544.2036, 5.8515, 1.6248, 94.3856, 12.6744, 6.6753, 114.3077], [15.3701, 21.5537, 2.4166, 3.3106, 10.0598, 66.2891, 63.6252, 0.4, 5.3889, 0.8, 151.0528, 2.4166, 0.4, 0.4, 51.8328, 26.8224], [16.4244, 0.8, 0.9798, 0.4, 7.4673, 84.3872, 548.9624, 0.4, 95.6527, 6.4, 76.9348, 497.6157, 0.0, 0.0, 4.2237, 248.5739], [136.0956, 778.2357, 3.8262, 25.3614, 87.91, 49.7498, 59.0546, 9.0111, 64.1623, 242.3977, 73.3523, 3.9799, 644.3497, 263.9929, 79.716, 66.3186], [37.3074, 33.1457, 0.0, 198.8095, 17.6681, 7.1106, 4.8, 109.5007, 118.2093, 113.2985, 3.8678, 0.4, 242.87, 306.5096, 0.4899, 4.9153], [415.4523, 145.8457, 395.4346, 61.2359, 283.3591, 212.6603, 527.0178, 2.7276, 93.8522, 14.6915, 655.3982, 69.4337, 60.1212, 11.2854, 1094.037, 320.9091], [1.6733, 0.8, 1.6, 7.6525, 23.4487, 2.1541, 87.4405, 3.1241, 848.1402, 34.862, 7.6577, 5.9195, 4.6043, 10.8, 1.7436, 812.7809]], "cm_norm_avg": [[0.6095, 0.0009, 0.0277, 0.0734, 0.0149, 0.1074, 0.0158, 0.0004, 0.0154, 0.003, 0.1039, 0.0009, 0.0121, 0.0058, 0.0061, 0.0028], [0.0209, 0.3902, 0.0007, 0.0237, 0.0766, 0.0007, 0.0848, 0.0008, 0.0422, 0.0875, 0.037, 0.0072, 0.1615, 0.0331, 0.0178, 0.0152], [0.2592, 0.0063, 0.2813, 0.0096, 0.0173, 0.1994, 0.0532, 0.0006, 0.0179, 0.0003, 0.1211, 0.0045, 0.0003, 0.0, 0.0224, 0.0066], [0.089, 0.1384, 0.0172, 0.1562, 0.0476, 0.0335, 0.0165, 0.0071, 0.106, 0.1186, 0.0317, 0.0005, 0.1407, 0.0487, 0.0119, 0.0363], [0.0139, 0.0225, 0.0005, 0.0257, 0.6866, 0.0071, 0.0095, 0.0034, 0.0922, 0.0044, 0.0692, 0.0027, 0.0032, 0.002, 0.011, 0.0462], [0.0866, 0.0118, 0.0137, 0.02, 0.036, 0.2957, 0.082, 0.0018, 0.0237, 0.0096, 0.3125, 0.01, 0.0009, 0.0046, 0.0533, 0.0378], [0.003, 0.0, 0.0, 0.0, 0.0, 0.0, 0.9758, 0.0, 0.0, 0.0, 0.003, 0.0, 0.0, 0.0, 0.0061, 0.0121], [0.0052, 0.0075, 0.0005, 0.0033, 0.0, 0.0272, 0.064, 0.6746, 0.1288, 0.0179, 0.0064, 0.0007, 0.0102, 0.0406, 0.002, 0.011], [0.0215, 0.0154, 0.0197, 0.0529, 0.0868, 0.0671, 0.0468, 0.0129, 0.3403, 0.0923, 0.0289, 0.0006, 0.0289, 0.0566, 0.0203, 0.1089], [0.0508, 0.0297, 0.0029, 0.0775, 0.0021, 0.0341, 0.0413, 0.0266, 0.2631, 0.4095, 0.0028, 0.0006, 0.0246, 0.0055, 0.0028, 0.0258], [0.0228, 0.0405, 0.0056, 0.006, 0.0259, 0.1737, 0.1547, 0.0004, 0.0099, 0.0013, 0.4155, 0.0052, 0.0004, 0.0004, 0.0978, 0.0397], [0.0027, 0.0001, 0.0002, 0.0001, 0.0018, 0.0201, 0.1247, 0.0001, 0.0216, 0.0009, 0.0133, 0.7755, 0.0, 0.0, 0.001, 0.0379], [0.0284, 0.2715, 0.0009, 0.0134, 0.0314, 0.0111, 0.0394, 0.0026, 0.0347, 0.0835, 0.0231, 0.0013, 0.3182, 0.1018, 0.0159, 0.0229], [0.0206, 0.0376, 0.0, 0.1552, 0.0183, 0.004, 0.0068, 0.0584, 0.0942, 0.0693, 0.0034, 0.0002, 0.1983, 0.3292, 0.0004, 0.004], [0.101, 0.0426, 0.0683, 0.0133, 0.0441, 0.1221, 0.1696, 0.0003, 0.019, 0.0032, 0.1506, 0.0155, 0.0067, 0.0021, 0.203, 0.0387], [0.0008, 0.0002, 0.0003, 0.0027, 0.0095, 0.0009, 0.024, 0.0007, 0.2692, 0.0098, 0.003, 0.0021, 0.0016, 0.0021, 0.0006, 0.6725]], "cm_norm_std": [[0.1625, 0.0013, 0.0486, 0.1328, 0.0187, 0.1839, 0.0224, 0.0009, 0.0229, 0.0033, 0.1606, 0.0017, 0.0242, 0.0086, 0.0079, 0.0031], [0.0376, 0.2376, 0.0014, 0.0172, 0.0756, 0.0004, 0.067, 0.0011, 0.0633, 0.1288, 0.0548, 0.0102, 0.178, 0.0342, 0.0202, 0.0187], [0.1446, 0.008, 0.1746, 0.0106, 0.0282, 0.1275, 0.0568, 0.0012, 0.0322, 0.0006, 0.0829, 0.0057, 0.0006, 0.0, 0.0335, 0.0089], [0.0889, 0.1494, 0.0343, 0.0961, 0.0513, 0.0498, 0.0206, 0.0066, 0.1107, 0.1304, 0.0228, 0.0005, 0.1786, 0.0591, 0.0151, 0.0483], [0.0174, 0.0317, 0.001, 0.0275, 0.172, 0.0092, 0.0059, 0.0063, 0.1225, 0.0076, 0.0856, 0.0048, 0.0064, 0.0018, 0.0125, 0.0613], [0.0813, 0.0174, 0.0089, 0.0209, 0.0439, 0.127, 0.0926, 0.0022, 0.017, 0.0169, 0.2438, 0.0082, 0.0018, 0.0091, 0.0535, 0.0659], [0.0061, 0.0, 0.0, 0.0, 0.0, 0.0, 0.0353, 0.0, 0.0, 0.0, 0.0061, 0.0, 0.0, 0.0, 0.0121, 0.0242], [0.0079, 0.0096, 0.001, 0.0042, 0.0, 0.0439, 0.0344, 0.1488, 0.1265, 0.0109, 0.0076, 0.0006, 0.0185, 0.0752, 0.004, 0.0147], [0.0192, 0.0217, 0.0247, 0.0595, 0.0611, 0.0742, 0.0328, 0.0098, 0.2365, 0.0622, 0.0519, 0.0012, 0.0318, 0.0775, 0.0376, 0.1278], [0.0547, 0.0295, 0.0036, 0.1001, 0.0031, 0.0556, 0.0478, 0.041, 0.2191, 0.2083, 0.0022, 0.0006, 0.0361, 0.0049, 0.0026, 0.0437], [0.0331, 0.0465, 0.0052, 0.0071, 0.0217, 0.1429, 0.1371, 0.0009, 0.0116, 0.0017, 0.3255, 0.0052, 0.0009, 0.0009, 0.1117, 0.0578], [0.0048, 0.0002, 0.0003, 0.0001, 0.0022, 0.0245, 0.1597, 0.0001, 0.0278, 0.0019, 0.0224, 0.1447, 0.0, 0.0, 0.0012, 0.0723], [0.0508, 0.2906, 0.0014, 0.0095, 0.0328, 0.0186, 0.0221, 0.0034, 0.024, 0.0905, 0.0274, 0.0015, 0.2406, 0.0986, 0.0298, 0.0248], [0.0396, 0.0352, 0.0, 0.2113, 0.0188, 0.0076, 0.0051, 0.1164, 0.1256, 0.1204, 0.0041, 0.0004, 0.2581, 0.3257, 0.0005, 0.0052], [0.0852, 0.0299, 0.0811, 0.0126, 0.0581, 0.0436, 0.1081, 0.0006, 0.0193, 0.003, 0.1344, 0.0142, 0.0123, 0.0023, 0.2244, 0.0658], [0.0007, 0.0003, 0.0006, 0.003, 0.0091, 0.0008, 0.0341, 0.0012, 0.3307, 0.0136, 0.003, 0.0023, 0.0018, 0.0042, 0.0007, 0.3169]]}