{"aca_avg": 0.4967, "aca_std": 0.0667, "kappa_avg": 0.5074, "kappa_std": 0.1602, "acc_class_avg": [0.5432, 0.5134, 0.4296, 0.5008], "acc_class_std": [0.2145, 0.0802, 0.1263, 0.1262], "f1_avg_avg": 0.4651, "f1_avg_std": 0.0739, "auc_avg_avg": 0.6974, "auc_avg_std": 0.0766, "auc_class_avg": [0.7972, 0.7554, 0.665, 0.572], "auc_class_std": [0.0985, 0.0352, 0.1013, 0.1573], "f1_class_avg": [0.5664, 0.4198, 0.5044, 0.3698], "f1_class_std": [0.1845, 0.0482, 0.1059, 0.0994], "sensitivity_class_avg": [0.5432, 0.5134, 0.4296, 0.5008], "sensitivity_class_std": [0.2145, 0.0802, 0.1263, 0.1262], "sensitivity_avg_avg": 0.4968, "sensitivity_avg_std": 0.0668, "specificity_class_avg": [0.8556, 0.7748, 0.8452, 0.8472], "specificity_class_std": [0.1382, 0.1213, 0.0807, 0.0467], "specificity_avg_avg": 0.8307, "specificity_avg_std": 0.0197, "cm_avg": [[349.8, 208.0, 47.8, 38.4], [71.2, 201.8, 87.4, 32.6], [102.0, 167.0, 366.4, 217.6], [40.4, 14.4, 61.0, 116.2]], "cm_std": [[138.1874, 159.5243, 53.5141, 27.8898], [55.9478, 31.562, 43.5917, 21.8229], [113.5289, 59.5684, 107.775, 74.7438], [39.1643, 14.207, 33.9823, 29.2807]], "cm_norm_avg": [[0.5432, 0.323, 0.0742, 0.0596], [0.1812, 0.5135, 0.2224, 0.083], [0.1196, 0.1958, 0.4295, 0.2551], [0.1741, 0.0621, 0.2629, 0.5009]], "cm_norm_std": [[0.2146, 0.2477, 0.0831, 0.0433], [0.1424, 0.0803, 0.1109, 0.0555], [0.1331, 0.0698, 0.1263, 0.0876], [0.1688, 0.0612, 0.1465, 0.1262]]}