{"aca_avg": 0.3238, "aca_std": 0.1107, "kappa_avg": 0.1456, "kappa_std": 0.2656, "acc_class_avg": [0.2766, 0.395, 0.2564, 0.3672], "acc_class_std": [0.2906, 0.2093, 0.1661, 0.2351], "f1_avg_avg": 0.2632, "f1_avg_std": 0.0872, "auc_avg_avg": 0.5304, "auc_avg_std": 0.0219, "auc_class_avg": [0.0906, 0.5384, 0.787, 0.7058], "auc_class_std": [0.0262, 0.0221, 0.0101, 0.0631], "f1_class_avg": [0.2658, 0.2638, 0.3224, 0.2006], "f1_class_std": [0.2408, 0.1347, 0.1892, 0.1564], "sensitivity_class_avg": [0.2766, 0.395, 0.2564, 0.3672], "sensitivity_class_std": [0.2906, 0.2093, 0.1661, 0.2351], "sensitivity_avg_avg": 0.3238, "sensitivity_avg_std": 0.1107, "specificity_class_avg": [0.826, 0.7248, 0.843, 0.708], "specificity_class_std": [0.1531, 0.1499, 0.0752, 0.2411], "specificity_avg_avg": 0.7754, "specificity_avg_std": 0.0315, "cm_avg": [[178.2, 232.2, 78.2, 155.4], [58.6, 155.2, 80.2, 99.0], [115.8, 220.6, 218.8, 297.8], [82.6, 23.2, 41.0, 85.2]], "cm_std": [[187.1207, 175.7639, 78.6827, 155.2979], [48.5494, 82.2372, 24.7742, 106.8962], [115.5256, 136.8672, 141.7115, 208.4], [75.5899, 16.726, 35.8608, 54.4992]], "cm_norm_avg": [[0.2767, 0.3606, 0.1214, 0.2413], [0.1491, 0.3949, 0.2041, 0.2519], [0.1358, 0.2586, 0.2565, 0.3491], [0.356, 0.1, 0.1767, 0.3672]], "cm_norm_std": [[0.2906, 0.2729, 0.1222, 0.2411], [0.1235, 0.2093, 0.063, 0.272], [0.1354, 0.1605, 0.1661, 0.2443], [0.3258, 0.0721, 0.1546, 0.2349]]}