{"aca_avg": 0.3985, "aca_std": 0.0322, "kappa_avg": 0.3602, "kappa_std": 0.1767, "acc_class_avg": [0.6296, 0.397, 0.327, 0.2406], "acc_class_std": [0.3176, 0.2268, 0.1589, 0.2165], "f1_avg_avg": 0.3467, "f1_avg_std": 0.0387, "auc_avg_avg": 0.6066, "auc_avg_std": 0.0584, "auc_class_avg": [0.5192, 0.6778, 0.7102, 0.519], "auc_class_std": [0.227, 0.088, 0.0617, 0.1667], "f1_class_avg": [0.5168, 0.3166, 0.3928, 0.1606], "f1_class_std": [0.2221, 0.1399, 0.1419, 0.1142], "sensitivity_class_avg": [0.6296, 0.397, 0.327, 0.2406], "sensitivity_class_std": [0.3176, 0.2268, 0.1589, 0.2165], "sensitivity_avg_avg": 0.3986, "sensitivity_avg_std": 0.0323, "specificity_class_avg": [0.7462, 0.7792, 0.8356, 0.862], "specificity_class_std": [0.1425, 0.1603, 0.0846, 0.1151], "specificity_avg_avg": 0.8058, "specificity_avg_std": 0.0149, "cm_avg": [[405.4, 139.6, 53.2, 45.8], [127.8, 156.0, 76.2, 33.0], [206.0, 186.6, 279.0, 181.4], [41.2, 55.6, 79.4, 55.8]], "cm_std": [[204.5215, 126.196, 84.3455, 55.0069], [79.0478, 89.1717, 30.3671, 37.7359], [124.9208, 133.7948, 135.6245, 183.3964], [42.3811, 42.9027, 51.6744, 50.2331]], "cm_norm_avg": [[0.6295, 0.2168, 0.0826, 0.0711], [0.3252, 0.3969, 0.1939, 0.084], [0.2415, 0.2188, 0.3271, 0.2127], [0.1776, 0.2397, 0.3422, 0.2405]], "cm_norm_std": [[0.3176, 0.196, 0.131, 0.0854], [0.2011, 0.2269, 0.0773, 0.096], [0.1464, 0.1569, 0.159, 0.215], [0.1827, 0.1849, 0.2227, 0.2165]]}