{"aca_avg": 0.7084, "aca_std": 0.0339, "kappa_avg": 0.7624, "kappa_std": 0.0759, "acc_class_avg": [0.9828, 0.8724, 0.6442, 0.9806, 0.6636, 0.4618, 0.6668, 0.4076, 0.6962], "acc_class_std": [0.0052, 0.0501, 0.1855, 0.0235, 0.1682, 0.2038, 0.1056, 0.185, 0.0933], "f1_avg_avg": 0.6938, "f1_avg_std": 0.0372, "auc_avg_avg": 0.8357, "auc_avg_std": 0.0191, "auc_class_avg": [0.9656, 0.9314, 0.8042, 0.973, 0.8122, 0.7114, 0.8198, 0.6696, 0.8338], "auc_class_std": [0.0201, 0.0204, 0.0872, 0.0147, 0.0841, 0.0965, 0.0548, 0.094, 0.0456], "f1_class_avg": [0.8212, 0.8952, 0.659, 0.875, 0.6486, 0.5164, 0.6838, 0.4024, 0.7428], "f1_class_std": [0.0909, 0.0224, 0.1151, 0.0316, 0.1487, 0.1743, 0.0963, 0.1534, 0.0594], "sensitivity_class_avg": [0.9828, 0.8724, 0.6442, 0.9806, 0.6636, 0.4618, 0.6668, 0.4076, 0.6962], "sensitivity_class_std": [0.0052, 0.0501, 0.1855, 0.0235, 0.1682, 0.2038, 0.1056, 0.185, 0.0933], "sensitivity_avg_avg": 0.7084, "sensitivity_avg_std": 0.034, "specificity_class_avg": [0.9482, 0.9908, 0.9642, 0.966, 0.961, 0.9614, 0.9726, 0.9316, 0.9718], "specificity_class_std": [0.0354, 0.0111, 0.0201, 0.0075, 0.035, 0.031, 0.013, 0.0313, 0.0085], "specificity_avg_avg": 0.9631, "specificity_avg_std": 0.0042, "cm_avg": [[10227.2, 64.8, 2.6, 0.0, 92.6, 6.8, 3.2, 7.8, 2.0], [606.4, 9218.4, 140.4, 37.8, 506.0, 29.8, 0.0, 25.2, 2.0], [107.2, 702.2, 7415.4, 1081.6, 162.8, 584.0, 42.8, 1249.2, 166.8], [0.4, 0.2, 205.8, 11332.6, 0.8, 2.0, 6.6, 3.6, 5.0], [1904.2, 2.6, 141.8, 6.4, 5903.6, 30.8, 760.8, 122.0, 23.8], [954.4, 52.4, 511.6, 33.8, 1036.8, 6250.4, 46.6, 4540.8, 109.2], [129.0, 0.8, 254.4, 190.6, 225.4, 9.4, 5843.8, 6.8, 2102.8], [803.4, 11.4, 1250.8, 81.0, 1392.8, 2527.4, 92.4, 4259.4, 27.4], [114.2, 0.2, 638.2, 1597.2, 124.8, 166.6, 1546.2, 167.6, 9962.0]], "cm_std": [[53.0072, 36.6191, 2.4166, 0.0, 58.0159, 13.1057, 6.4, 6.6151, 2.0976], [532.0386, 528.5492, 119.5167, 26.0492, 367.3739, 34.545, 0.0, 35.729, 3.0984], [37.6372, 915.425, 2136.3279, 916.4989, 111.9328, 329.9679, 59.2162, 1211.0603, 95.7651], [0.4899, 0.4, 257.0404, 269.6543, 1.1662, 3.5214, 8.015, 4.8, 5.4037], [879.1872, 1.4967, 147.6555, 7.0029, 1496.6326, 39.8718, 893.5519, 161.6935, 17.186], [622.8761, 54.3087, 532.5165, 22.2297, 1497.2223, 2758.2851, 67.2387, 2478.975, 58.687], [92.2323, 0.4, 234.3473, 99.5321, 167.1198, 18.8, 924.5305, 13.6, 882.1758], [1557.9569, 19.0536, 1010.8926, 91.3192, 1790.3396, 2357.9869, 104.3659, 1932.8364, 14.3889], [122.9185, 0.4, 389.8417, 997.0935, 47.9933, 263.1073, 568.1554, 250.6724, 1335.9274]], "cm_norm_avg": [[0.9827, 0.0062, 0.0002, 0.0, 0.0089, 0.0007, 0.0003, 0.0007, 0.0002], [0.0574, 0.8725, 0.0133, 0.0036, 0.0479, 0.0028, 0.0, 0.0024, 0.0002], [0.0093, 0.061, 0.6441, 0.094, 0.0141, 0.0507, 0.0037, 0.1085, 0.0145], [0.0, 0.0, 0.0178, 0.9806, 0.0001, 0.0002, 0.0006, 0.0003, 0.0004], [0.2141, 0.0003, 0.0159, 0.0007, 0.6636, 0.0035, 0.0855, 0.0137, 0.0027], [0.0705, 0.0039, 0.0378, 0.0025, 0.0766, 0.4618, 0.0034, 0.3355, 0.0081], [0.0147, 0.0001, 0.029, 0.0218, 0.0257, 0.0011, 0.6669, 0.0008, 0.24], [0.0769, 0.0011, 0.1197, 0.0078, 0.1333, 0.2419, 0.0088, 0.4078, 0.0026], [0.008, 0.0, 0.0446, 0.1116, 0.0087, 0.0116, 0.108, 0.0117, 0.6958]], "cm_norm_std": [[0.0051, 0.0035, 0.0002, 0.0, 0.0056, 0.0013, 0.0006, 0.0006, 0.0002], [0.0504, 0.05, 0.0113, 0.0025, 0.0348, 0.0033, 0.0, 0.0034, 0.0003], [0.0033, 0.0795, 0.1856, 0.0796, 0.0097, 0.0287, 0.0051, 0.1052, 0.0083], [0.0, 0.0, 0.0222, 0.0233, 0.0001, 0.0003, 0.0007, 0.0004, 0.0005], [0.0988, 0.0002, 0.0166, 0.0008, 0.1682, 0.0045, 0.1004, 0.0182, 0.0019], [0.046, 0.004, 0.0393, 0.0016, 0.1106, 0.2038, 0.005, 0.1831, 0.0043], [0.0105, 0.0, 0.0267, 0.0114, 0.0191, 0.0021, 0.1055, 0.0016, 0.1007], [0.1491, 0.0018, 0.0968, 0.0087, 0.1714, 0.2257, 0.01, 0.185, 0.0014], [0.0086, 0.0, 0.0272, 0.0696, 0.0034, 0.0184, 0.0397, 0.0175, 0.0933]]}