{"aca_avg": 0.8727, "aca_std": 0.0089, "kappa_avg": 0.908, "kappa_std": 0.0112, "acc_class_avg": [0.9688, 0.9232, 0.8852, 0.9806, 0.8682, 0.8068, 0.882, 0.711, 0.8286], "acc_class_std": [0.0175, 0.0171, 0.0632, 0.0086, 0.0509, 0.0644, 0.0702, 0.0975, 0.053], "f1_avg_avg": 0.8698, "f1_avg_std": 0.0079, "auc_avg_avg": 0.9056, "auc_avg_std": 0.0375, "auc_class_avg": [0.9864, 0.9894, 0.8912, 0.898, 0.9206, 0.8314, 0.8902, 0.838, 0.9052], "auc_class_std": [0.0072, 0.0059, 0.0576, 0.0787, 0.0251, 0.0835, 0.039, 0.0738, 0.0648], "f1_class_avg": [0.9478, 0.9406, 0.8614, 0.974, 0.8694, 0.8098, 0.8378, 0.7162, 0.8712], "f1_class_std": [0.0101, 0.0054, 0.0166, 0.0046, 0.0185, 0.0308, 0.0291, 0.0344, 0.0204], "sensitivity_class_avg": [0.9688, 0.9232, 0.8852, 0.9806, 0.8682, 0.8068, 0.882, 0.711, 0.8286], "sensitivity_class_std": [0.0175, 0.0171, 0.0632, 0.0086, 0.0509, 0.0644, 0.0702, 0.0975, 0.053], "sensitivity_avg_avg": 0.8727, "sensitivity_avg_std": 0.0088, "specificity_class_avg": [0.9912, 0.9952, 0.978, 0.9958, 0.9876, 0.9712, 0.9784, 0.9688, 0.9878], "specificity_class_std": [0.0015, 0.002, 0.0122, 0.0015, 0.0048, 0.0091, 0.0112, 0.0117, 0.0102], "specificity_avg_avg": 0.9838, "specificity_avg_std": 0.001, "cm_avg": [[10084.8, 93.4, 1.2, 1.4, 166.2, 33.4, 1.2, 24.6, 0.8], [147.2, 9756.4, 164.6, 36.0, 235.4, 167.6, 17.8, 40.8, 0.2], [27.2, 246.0, 10191.4, 130.2, 9.4, 158.4, 49.0, 606.4, 94.0], [2.2, 1.4, 90.2, 11333.8, 0.8, 1.4, 15.6, 31.2, 80.4], [321.6, 28.8, 134.4, 10.0, 7725.0, 138.8, 172.0, 235.8, 129.6], [235.2, 29.4, 468.8, 34.8, 59.0, 10919.6, 9.8, 1715.2, 64.2], [12.2, 0.4, 75.4, 39.0, 329.4, 5.0, 7728.0, 8.8, 564.8], [26.4, 19.6, 637.2, 24.4, 263.6, 1909.2, 38.6, 7427.8, 99.2], [15.2, 0.0, 389.2, 107.4, 74.6, 72.6, 1673.0, 127.0, 11858.0]], "cm_std": [[181.9851, 106.3872, 1.4697, 1.9596, 157.718, 51.3677, 1.1662, 16.2308, 0.7483], [175.715, 183.6863, 252.5111, 34.1057, 192.4012, 208.5892, 22.0762, 69.7751, 0.4], [10.2255, 163.8634, 727.7023, 109.9607, 6.1838, 76.7427, 70.5351, 543.3167, 52.6308], [2.7129, 2.8, 76.8437, 99.1008, 1.6, 2.8, 8.4522, 15.9424, 75.2239], [217.7931, 44.1153, 138.0545, 20.0, 453.0753, 241.4659, 122.0148, 155.7657, 138.3193], [228.4508, 21.9873, 205.2281, 24.8467, 92.8827, 869.4936, 11.2677, 818.5232, 60.7203], [5.8103, 0.4899, 77.2389, 13.5647, 39.0108, 4.8166, 616.481, 7.9599, 596.7168], [35.0463, 17.9844, 443.3871, 24.377, 180.4889, 760.4647, 37.302, 1017.4518, 72.901], [10.9618, 0.0, 225.5982, 84.9814, 29.0902, 59.5167, 911.4716, 49.94, 759.3005]], "cm_norm_avg": [[0.969, 0.009, 0.0001, 0.0001, 0.016, 0.0032, 0.0001, 0.0024, 0.0001], [0.0139, 0.9234, 0.0156, 0.0034, 0.0223, 0.0159, 0.0017, 0.0039, 0.0], [0.0024, 0.0214, 0.8853, 0.0113, 0.0008, 0.0138, 0.0043, 0.0527, 0.0082], [0.0002, 0.0001, 0.0078, 0.9807, 0.0001, 0.0001, 0.0013, 0.0027, 0.007], [0.0362, 0.0032, 0.0151, 0.0011, 0.8684, 0.0156, 0.0193, 0.0265, 0.0146], [0.0174, 0.0022, 0.0346, 0.0026, 0.0044, 0.8067, 0.0007, 0.1267, 0.0047], [0.0014, 0.0, 0.0086, 0.0045, 0.0376, 0.0006, 0.8819, 0.001, 0.0645], [0.0025, 0.0019, 0.061, 0.0023, 0.0252, 0.1828, 0.0037, 0.7111, 0.0095], [0.0011, 0.0, 0.0272, 0.0075, 0.0052, 0.0051, 0.1169, 0.0089, 0.8282]], "cm_norm_std": [[0.0175, 0.0102, 0.0001, 0.0002, 0.0152, 0.0049, 0.0001, 0.0016, 0.0001], [0.0166, 0.0174, 0.0239, 0.0032, 0.0182, 0.0197, 0.0021, 0.0066, 0.0], [0.0009, 0.0142, 0.0632, 0.0096, 0.0005, 0.0067, 0.0061, 0.0472, 0.0046], [0.0002, 0.0002, 0.0066, 0.0086, 0.0001, 0.0002, 0.0007, 0.0014, 0.0065], [0.0245, 0.005, 0.0155, 0.0022, 0.0509, 0.0271, 0.0137, 0.0175, 0.0155], [0.0169, 0.0016, 0.0152, 0.0018, 0.0069, 0.0642, 0.0008, 0.0605, 0.0045], [0.0007, 0.0001, 0.0088, 0.0015, 0.0045, 0.0005, 0.0704, 0.0009, 0.0681], [0.0034, 0.0017, 0.0424, 0.0023, 0.0173, 0.0728, 0.0036, 0.0974, 0.007], [0.0008, 0.0, 0.0158, 0.0059, 0.002, 0.0042, 0.0637, 0.0035, 0.053]]}