{"aca_avg": 0.5325, "aca_std": 0.0397, "kappa_avg": 0.7032, "kappa_std": 0.0485, "acc_class_avg": [0.8576, 0.2554, 0.2462, 0.7708], "acc_class_std": [0.1755, 0.2244, 0.1627, 0.1153], "f1_avg_avg": 0.428, "f1_avg_std": 0.0994, "auc_avg_avg": 0.5294, "auc_avg_std": 0.0049, "auc_class_avg": [0.0738, 0.4072, 0.8012, 0.8352], "auc_class_std": [0.0388, 0.0648, 0.0219, 0.0615], "f1_class_avg": [0.741, 0.2382, 0.3246, 0.4082], "f1_class_std": [0.0605, 0.1567, 0.1987, 0.06], "sensitivity_class_avg": [0.8576, 0.2554, 0.2462, 0.7708], "sensitivity_class_std": [0.1755, 0.2244, 0.1627, 0.1153], "sensitivity_avg_avg": 0.5325, "sensitivity_avg_std": 0.0397, "specificity_class_avg": [0.8042, 0.8886, 0.919, 0.7382], "specificity_class_std": [0.1208, 0.1221, 0.062, 0.1173], "specificity_avg_avg": 0.8375, "specificity_avg_std": 0.0153, "cm_avg": [[552.2, 80.6, 7.0, 4.2], [171.4, 100.4, 56.0, 65.2], [113.4, 103.8, 210.0, 425.8], [4.8, 8.4, 40.0, 178.8]], "cm_std": [[113.0388, 114.6082, 9.8387, 2.7129], [84.372, 88.1943, 46.7461, 59.7943], [91.7924, 94.2197, 138.8712, 161.7484], [5.98, 9.3936, 24.779, 26.7537]], "cm_norm_avg": [[0.8575, 0.1252, 0.0109, 0.0065], [0.4361, 0.2555, 0.1425, 0.1659], [0.1329, 0.1217, 0.2462, 0.4992], [0.0207, 0.0362, 0.1724, 0.7707]], "cm_norm_std": [[0.1755, 0.178, 0.0153, 0.0042], [0.2147, 0.2244, 0.1189, 0.1521], [0.1076, 0.1105, 0.1628, 0.1896], [0.0258, 0.0405, 0.1068, 0.1153]]}