{"aca_avg": 0.3295, "aca_std": 0.0894, "kappa_avg": 0.1592, "kappa_std": 0.3204, "acc_class_avg": [0.1864, 0.367, 0.4774, 0.2872], "acc_class_std": [0.3184, 0.1651, 0.0578, 0.1628], "f1_avg_avg": 0.2876, "f1_avg_std": 0.0844, "auc_avg_avg": 0.5212, "auc_avg_std": 0.0863, "auc_class_avg": [0.5498, 0.7164, 0.55, 0.2686], "auc_class_std": [0.1602, 0.0167, 0.0579, 0.1626], "f1_class_avg": [0.1888, 0.2548, 0.499, 0.208], "f1_class_std": [0.2935, 0.0805, 0.055, 0.0974], "sensitivity_class_avg": [0.1864, 0.367, 0.4774, 0.2872], "sensitivity_class_std": [0.3184, 0.1651, 0.0578, 0.1628], "sensitivity_avg_avg": 0.3295, "sensitivity_avg_std": 0.0895, "specificity_class_avg": [0.874, 0.705, 0.7048, 0.8344], "specificity_class_std": [0.0341, 0.1263, 0.0779, 0.0458], "specificity_avg_avg": 0.7796, "specificity_avg_std": 0.0331, "cm_avg": [[120.0, 293.2, 147.8, 83.0], [45.8, 144.2, 171.2, 31.8], [76.6, 170.8, 407.4, 198.2], [64.0, 45.8, 55.6, 66.6]], "cm_std": [[205.0834, 147.5417, 99.0362, 48.8631], [30.1689, 64.9012, 42.4519, 12.0399], [15.3441, 83.5114, 49.3785, 57.0172], [47.0404, 32.5109, 40.063, 37.7285]], "cm_norm_avg": [[0.1863, 0.4553, 0.2295, 0.1289], [0.1165, 0.3669, 0.4356, 0.0809], [0.0898, 0.2002, 0.4776, 0.2324], [0.2759, 0.1974, 0.2397, 0.2871]], "cm_norm_std": [[0.3185, 0.2291, 0.1538, 0.0759], [0.0768, 0.1651, 0.108, 0.0306], [0.018, 0.0979, 0.0579, 0.0668], [0.2028, 0.1401, 0.1727, 0.1626]]}