{"aca_avg": 0.7617, "aca_std": 0.0, "kappa_avg": 0.834, "kappa_std": 0.0, "acc_class_avg": [0.687, 0.907, 0.788, 0.886, 0.489, 0.826, 0.906, 0.582, 0.783], "acc_class_std": [0.0, 0.0, 0.0, 0.0, 0.0, 0.0, 0.0, 0.0, 0.0], "f1_avg_avg": 0.7637, "f1_avg_std": 0.0, "auc_avg_avg": 0.8357, "auc_avg_std": 0.0, "auc_class_avg": [0.942, 0.994, 0.489, 0.511, 0.868, 0.974, 0.934, 0.83, 0.979], "auc_class_std": [0.0, 0.0, 0.0, 0.0, 0.0, 0.0, 0.0, 0.0, 0.0], "f1_class_avg": [0.698, 0.947, 0.606, 0.878, 0.614, 0.84, 0.778, 0.668, 0.844], "f1_class_std": [0.0, 0.0, 0.0, 0.0, 0.0, 0.0, 0.0, 0.0, 0.0], "sensitivity_class_avg": [0.687, 0.907, 0.788, 0.886, 0.489, 0.826, 0.906, 0.582, 0.783], "sensitivity_class_std": [0.0, 0.0, 0.0, 0.0, 0.0, 0.0, 0.0, 0.0, 0.0], "sensitivity_avg_avg": 0.7616, "sensitivity_avg_std": 0.0, "specificity_class_avg": [0.967, 0.999, 0.894, 0.983, 0.99, 0.978, 0.959, 0.981, 0.988], "specificity_class_std": [0.0, 0.0, 0.0, 0.0, 0.0, 0.0, 0.0, 0.0, 0.0], "specificity_avg_avg": 0.971, "specificity_avg_std": 0.0, "cm_avg": [[7154.0, 25.0, 2802.0, 2.0, 296.0, 61.0, 33.0, 29.0, 5.0], [203.0, 9580.0, 642.0, 80.0, 54.0, 5.0, 0.0, 0.0, 2.0], [234.0, 56.0, 9074.0, 852.0, 30.0, 239.0, 582.0, 28.0, 417.0], [11.0, 0.0, 1067.0, 10237.0, 3.0, 0.0, 169.0, 0.0, 70.0], [1823.0, 0.0, 2280.0, 18.0, 4349.0, 19.0, 144.0, 180.0, 83.0], [164.0, 0.0, 451.0, 66.0, 20.0, 11185.0, 191.0, 1406.0, 53.0], [47.0, 0.0, 67.0, 39.0, 335.0, 4.0, 7941.0, 0.0, 330.0], [385.0, 0.0, 1771.0, 381.0, 126.0, 1489.0, 123.0, 6081.0, 90.0], [81.0, 0.0, 300.0, 83.0, 62.0, 84.0, 2466.0, 24.0, 11217.0]], "cm_std": [[0.0, 0.0, 0.0, 0.0, 0.0, 0.0, 0.0, 0.0, 0.0], [0.0, 0.0, 0.0, 0.0, 0.0, 0.0, 0.0, 0.0, 0.0], [0.0, 0.0, 0.0, 0.0, 0.0, 0.0, 0.0, 0.0, 0.0], [0.0, 0.0, 0.0, 0.0, 0.0, 0.0, 0.0, 0.0, 0.0], [0.0, 0.0, 0.0, 0.0, 0.0, 0.0, 0.0, 0.0, 0.0], [0.0, 0.0, 0.0, 0.0, 0.0, 0.0, 0.0, 0.0, 0.0], [0.0, 0.0, 0.0, 0.0, 0.0, 0.0, 0.0, 0.0, 0.0], [0.0, 0.0, 0.0, 0.0, 0.0, 0.0, 0.0, 0.0, 0.0], [0.0, 0.0, 0.0, 0.0, 0.0, 0.0, 0.0, 0.0, 0.0]], "cm_norm_avg": [[0.6874, 0.0024, 0.2692, 0.0002, 0.0284, 0.0059, 0.0032, 0.0028, 0.0005], [0.0192, 0.9067, 0.0608, 0.0076, 0.0051, 0.0005, 0.0, 0.0, 0.0002], [0.0203, 0.0049, 0.7882, 0.074, 0.0026, 0.0208, 0.0506, 0.0024, 0.0362], [0.001, 0.0, 0.0923, 0.8858, 0.0003, 0.0, 0.0146, 0.0, 0.0061], [0.2049, 0.0, 0.2563, 0.002, 0.4889, 0.0021, 0.0162, 0.0202, 0.0093], [0.0121, 0.0, 0.0333, 0.0049, 0.0015, 0.8263, 0.0141, 0.1039, 0.0039], [0.0054, 0.0, 0.0076, 0.0045, 0.0382, 0.0005, 0.9062, 0.0, 0.0377], [0.0369, 0.0, 0.1695, 0.0365, 0.0121, 0.1425, 0.0118, 0.5821, 0.0086], [0.0057, 0.0, 0.021, 0.0058, 0.0043, 0.0059, 0.1722, 0.0017, 0.7835]], "cm_norm_std": [[0.0, 0.0, 0.0, 0.0, 0.0, 0.0, 0.0, 0.0, 0.0], [0.0, 0.0, 0.0, 0.0, 0.0, 0.0, 0.0, 0.0, 0.0], [0.0, 0.0, 0.0, 0.0, 0.0, 0.0, 0.0, 0.0, 0.0], [0.0, 0.0, 0.0, 0.0, 0.0, 0.0, 0.0, 0.0, 0.0], [0.0, 0.0, 0.0, 0.0, 0.0, 0.0, 0.0, 0.0, 0.0], [0.0, 0.0, 0.0, 0.0, 0.0, 0.0, 0.0, 0.0, 0.0], [0.0, 0.0, 0.0, 0.0, 0.0, 0.0, 0.0, 0.0, 0.0], [0.0, 0.0, 0.0, 0.0, 0.0, 0.0, 0.0, 0.0, 0.0], [0.0, 0.0, 0.0, 0.0, 0.0, 0.0, 0.0, 0.0, 0.0]]}