{"aca_avg": 0.3607, "aca_std": 0.0924, "kappa_avg": 0.3574, "kappa_std": 0.2751, "acc_class_avg": [0.6426, 0.2244, 0.3344, 0.2414], "acc_class_std": [0.2383, 0.1974, 0.2532, 0.2723], "f1_avg_avg": 0.3114, "f1_avg_std": 0.1188, "auc_avg_avg": 0.5144, "auc_avg_std": 0.0185, "auc_class_avg": [0.2564, 0.4748, 0.6756, 0.6508], "auc_class_std": [0.1337, 0.1113, 0.0843, 0.216], "f1_class_avg": [0.5544, 0.1952, 0.3594, 0.1364], "f1_class_std": [0.13, 0.1221, 0.2536, 0.1032], "sensitivity_class_avg": [0.6426, 0.2244, 0.3344, 0.2414], "sensitivity_class_std": [0.2383, 0.1974, 0.2532, 0.2723], "sensitivity_avg_avg": 0.3607, "sensitivity_avg_std": 0.0924, "specificity_class_avg": [0.7188, 0.8582, 0.8458, 0.7764], "specificity_class_std": [0.2142, 0.1393, 0.1222, 0.2393], "specificity_avg_avg": 0.7998, "specificity_avg_std": 0.0342, "cm_avg": [[413.8, 77.4, 33.6, 119.2], [165.4, 88.2, 57.4, 82.0], [201.8, 144.8, 285.4, 221.0], [48.2, 23.2, 104.6, 56.0]], "cm_std": [[153.5075, 112.7326, 49.3826, 148.5172], [70.6699, 77.5613, 41.6538, 93.1171], [197.5777, 117.2577, 215.9163, 218.8726], [82.1423, 21.5722, 83.7463, 63.1918]], "cm_norm_avg": [[0.6425, 0.1202, 0.0522, 0.1851], [0.4209, 0.2244, 0.1461, 0.2087], [0.2366, 0.1698, 0.3346, 0.2591], [0.2078, 0.1, 0.4509, 0.2414]], "cm_norm_std": [[0.2384, 0.1751, 0.0767, 0.2306], [0.1798, 0.1974, 0.106, 0.2369], [0.2316, 0.1375, 0.2531, 0.2566], [0.3541, 0.093, 0.361, 0.2724]]}