{"aca_avg": 0.7408, "aca_std": 0.0455, "kappa_avg": 0.7534, "kappa_std": 0.0953, "acc_class_avg": [0.942, 0.877, 0.596, 0.8846, 0.6928, 0.6468, 0.7558, 0.6116, 0.6606], "acc_class_std": [0.0521, 0.0552, 0.2745, 0.1006, 0.1775, 0.1207, 0.144, 0.1744, 0.2193], "f1_avg_avg": 0.728, "f1_avg_std": 0.0456, "auc_avg_avg": 0.7835, "auc_avg_std": 0.0601, "auc_class_avg": [0.9378, 0.9742, 0.6932, 0.8546, 0.8068, 0.7172, 0.7052, 0.691, 0.6714], "auc_class_std": [0.0354, 0.0156, 0.0953, 0.0913, 0.1087, 0.1251, 0.1337, 0.0729, 0.1555], "f1_class_avg": [0.8236, 0.8804, 0.6166, 0.88, 0.7124, 0.6798, 0.7088, 0.5916, 0.659], "f1_class_std": [0.0501, 0.0365, 0.1794, 0.0514, 0.1027, 0.0731, 0.0484, 0.0704, 0.1092], "sensitivity_class_avg": [0.942, 0.877, 0.596, 0.8846, 0.6928, 0.6468, 0.7558, 0.6116, 0.6606], "sensitivity_class_std": [0.0521, 0.0552, 0.2745, 0.1006, 0.1775, 0.1207, 0.144, 0.1744, 0.2193], "sensitivity_avg_avg": 0.7408, "sensitivity_avg_std": 0.0454, "specificity_class_avg": [0.9596, 0.9864, 0.9702, 0.984, 0.9776, 0.9624, 0.9646, 0.95, 0.9466], "specificity_class_std": [0.0139, 0.0082, 0.0275, 0.0124, 0.0168, 0.0113, 0.0217, 0.0329, 0.0638], "specificity_avg_avg": 0.9668, "specificity_avg_std": 0.0055, "cm_avg": [[9801.6, 154.6, 10.2, 2.0, 327.0, 17.2, 0.6, 60.4, 33.4], [115.6, 9267.6, 311.8, 90.2, 602.2, 18.8, 8.8, 49.6, 101.4], [88.4, 663.4, 6861.6, 923.0, 154.6, 751.6, 22.6, 957.8, 1089.0], [2.2, 0.0, 290.6, 10222.2, 1.0, 2.2, 242.2, 12.6, 784.0], [1423.2, 105.8, 216.6, 2.4, 6162.6, 150.4, 126.0, 233.6, 475.4], [713.2, 151.0, 475.6, 49.0, 96.6, 8754.8, 6.6, 3032.8, 256.4], [238.8, 0.0, 97.8, 68.0, 288.2, 0.6, 6621.8, 5.4, 1442.4], [268.8, 148.0, 623.8, 33.4, 337.8, 2227.6, 32.2, 6389.4, 385.0], [784.8, 0.8, 584.6, 249.8, 228.8, 78.6, 2806.4, 125.6, 9457.6]], "cm_std": [[541.8954, 149.9888, 12.7656, 2.1909, 441.526, 23.5915, 1.2, 63.9174, 60.8625], [87.1679, 582.2617, 469.9159, 119.3657, 453.0344, 18.3128, 11.4263, 62.3814, 186.266], [64.7969, 749.0283, 3161.0166, 851.283, 267.2629, 612.3681, 16.8119, 1126.466, 1647.5751], [1.833, 0.0, 524.3314, 1165.2509, 0.8944, 4.4, 459.4407, 10.3267, 1330.1656], [811.6111, 189.7666, 138.4682, 1.6248, 1579.1056, 142.7033, 112.8982, 175.0447, 827.3523], [271.611, 201.7008, 587.3904, 42.3462, 98.5101, 1634.671, 9.5624, 1758.5637, 194.575], [289.3831, 0.0, 159.8392, 52.2877, 274.604, 0.8, 1262.8112, 8.015, 1569.4001], [445.8598, 208.0798, 528.6248, 29.3843, 177.0089, 1568.0414, 32.3629, 1823.2041, 297.9027], [1471.536, 1.6, 636.5905, 207.6414, 278.0003, 149.2134, 1812.1616, 136.5498, 3141.6554]], "cm_norm_avg": [[0.9418, 0.0149, 0.001, 0.0002, 0.0314, 0.0017, 0.0001, 0.0058, 0.0032], [0.0109, 0.8771, 0.0295, 0.0085, 0.057, 0.0018, 0.0008, 0.0047, 0.0096], [0.0077, 0.0576, 0.596, 0.0802, 0.0134, 0.0653, 0.002, 0.0832, 0.0946], [0.0002, 0.0, 0.0251, 0.8845, 0.0001, 0.0002, 0.021, 0.0011, 0.0678], [0.16, 0.0119, 0.0243, 0.0003, 0.6927, 0.0169, 0.0142, 0.0263, 0.0534], [0.0527, 0.0112, 0.0351, 0.0036, 0.0071, 0.6468, 0.0005, 0.2241, 0.0189], [0.0273, 0.0, 0.0112, 0.0078, 0.0329, 0.0001, 0.7557, 0.0006, 0.1646], [0.0257, 0.0142, 0.0597, 0.0032, 0.0323, 0.2132, 0.0031, 0.6117, 0.0369], [0.0548, 0.0001, 0.0408, 0.0174, 0.016, 0.0055, 0.196, 0.0088, 0.6606]], "cm_norm_std": [[0.0521, 0.0144, 0.0012, 0.0002, 0.0424, 0.0023, 0.0001, 0.0061, 0.0058], [0.0082, 0.0551, 0.0445, 0.0113, 0.0429, 0.0017, 0.0011, 0.0059, 0.0176], [0.0056, 0.0651, 0.2746, 0.0739, 0.0232, 0.0532, 0.0015, 0.0979, 0.1431], [0.0002, 0.0, 0.0454, 0.1008, 0.0001, 0.0004, 0.0398, 0.0009, 0.1151], [0.0912, 0.0213, 0.0156, 0.0002, 0.1775, 0.016, 0.0127, 0.0197, 0.093], [0.0201, 0.0149, 0.0434, 0.0031, 0.0073, 0.1208, 0.0007, 0.1299, 0.0144], [0.033, 0.0, 0.0182, 0.006, 0.0313, 0.0001, 0.1441, 0.0009, 0.1791], [0.0427, 0.0199, 0.0506, 0.0028, 0.0169, 0.1501, 0.0031, 0.1745, 0.0285], [0.1028, 0.0001, 0.0445, 0.0145, 0.0194, 0.0104, 0.1266, 0.0095, 0.2194]]}