{"aca_avg": 0.8572, "aca_std": 0.0097, "kappa_avg": 0.8964, "kappa_std": 0.0157, "acc_class_avg": [0.978, 0.9258, 0.8258, 0.9774, 0.868, 0.6198, 0.8818, 0.7946, 0.8436], "acc_class_std": [0.0137, 0.0088, 0.0684, 0.0362, 0.0431, 0.1174, 0.0299, 0.1207, 0.0318], "f1_avg_avg": 0.8506, "f1_avg_std": 0.0111, "auc_avg_avg": 0.9506, "auc_avg_std": 0.0199, "auc_class_avg": [0.9852, 0.979, 0.9172, 0.9914, 0.9674, 0.9512, 0.973, 0.8376, 0.9538], "auc_class_std": [0.0061, 0.0103, 0.0402, 0.0083, 0.0063, 0.0077, 0.0094, 0.0959, 0.0159], "f1_class_avg": [0.943, 0.9362, 0.8528, 0.959, 0.8492, 0.723, 0.8332, 0.6978, 0.8608], "f1_class_std": [0.0184, 0.023, 0.0295, 0.014, 0.0274, 0.0731, 0.028, 0.028, 0.0085], "sensitivity_class_avg": [0.978, 0.9258, 0.8258, 0.9774, 0.868, 0.6198, 0.8818, 0.7946, 0.8436], "sensitivity_class_std": [0.0137, 0.0088, 0.0684, 0.0362, 0.0431, 0.1174, 0.0299, 0.1207, 0.0318], "sensitivity_avg_avg": 0.8572, "sensitivity_avg_std": 0.0097, "specificity_class_avg": [0.9886, 0.9938, 0.9858, 0.992, 0.9824, 0.9874, 0.9774, 0.9432, 0.9804], "specificity_class_std": [0.0052, 0.0062, 0.0068, 0.0051, 0.0091, 0.0071, 0.0071, 0.0296, 0.0075], "specificity_avg_avg": 0.9812, "specificity_avg_std": 0.0015, "cm_avg": [[10177.0, 61.0, 1.8, 0.6, 143.0, 2.0, 7.6, 11.4, 2.6], [207.4, 9783.6, 114.4, 93.0, 331.4, 1.2, 3.2, 31.2, 0.6], [27.8, 206.8, 9505.6, 282.0, 30.4, 36.4, 46.6, 1080.0, 296.4], [0.6, 0.0, 53.2, 11295.2, 0.6, 0.0, 10.8, 97.6, 99.0], [206.6, 2.0, 35.6, 3.8, 7723.4, 34.6, 289.6, 537.4, 63.0], [514.0, 144.6, 529.8, 20.6, 422.0, 8391.4, 160.8, 2969.2, 383.6], [3.2, 1.0, 10.8, 56.2, 263.0, 0.0, 7726.8, 43.0, 659.0], [46.0, 150.8, 417.2, 26.0, 324.2, 984.6, 29.0, 8298.8, 169.4], [4.8, 0.4, 86.0, 223.2, 78.2, 0.2, 1529.6, 313.8, 12080.8]], "cm_std": [[142.4725, 41.1388, 3.6, 1.2, 106.5927, 3.5214, 6.375, 4.1761, 2.8705], [172.8393, 94.9455, 194.1511, 132.0606, 251.0176, 2.4, 6.4, 31.581, 0.8], [22.0218, 138.3393, 787.0473, 171.6764, 45.6754, 17.362, 72.8549, 902.0501, 183.0405], [0.8, 0.0, 97.0761, 420.0692, 1.2, 0.0, 13.197, 172.3492, 151.6799], [181.4438, 1.2649, 25.7961, 6.6151, 382.7316, 62.7235, 212.5376, 320.0191, 46.7889], [197.4366, 219.7459, 270.946, 9.8102, 359.5581, 1587.347, 107.8803, 1616.1186, 167.3506], [1.6, 0.0, 16.9399, 35.0166, 94.9105, 0.0, 262.0514, 42.1141, 208.7506], [40.1846, 256.4881, 351.6301, 17.8213, 166.4481, 588.2192, 16.5771, 1258.6519, 119.8109], [2.4819, 0.8, 96.1603, 141.5647, 55.3006, 0.4, 413.4898, 359.9686, 454.8184]], "cm_norm_avg": [[0.9779, 0.0059, 0.0002, 0.0001, 0.0137, 0.0002, 0.0007, 0.0011, 0.0002], [0.0196, 0.926, 0.0108, 0.0088, 0.0314, 0.0001, 0.0003, 0.003, 0.0001], [0.0024, 0.018, 0.8257, 0.0245, 0.0026, 0.0032, 0.004, 0.0938, 0.0257], [0.0001, 0.0, 0.0046, 0.9773, 0.0001, 0.0, 0.0009, 0.0084, 0.0086], [0.0232, 0.0002, 0.004, 0.0004, 0.8682, 0.0039, 0.0326, 0.0604, 0.0071], [0.038, 0.0107, 0.0391, 0.0015, 0.0312, 0.6199, 0.0119, 0.2194, 0.0283], [0.0004, 0.0001, 0.0012, 0.0064, 0.03, 0.0, 0.8818, 0.0049, 0.0752], [0.0044, 0.0144, 0.0399, 0.0025, 0.031, 0.0943, 0.0028, 0.7944, 0.0162], [0.0003, 0.0, 0.006, 0.0156, 0.0055, 0.0, 0.1068, 0.0219, 0.8438]], "cm_norm_std": [[0.0137, 0.004, 0.0003, 0.0001, 0.0102, 0.0003, 0.0006, 0.0004, 0.0003], [0.0164, 0.009, 0.0184, 0.0125, 0.0238, 0.0002, 0.0006, 0.003, 0.0001], [0.0019, 0.012, 0.0684, 0.0149, 0.004, 0.0015, 0.0063, 0.0784, 0.0159], [0.0001, 0.0, 0.0084, 0.0363, 0.0001, 0.0, 0.0011, 0.0149, 0.0131], [0.0204, 0.0001, 0.0029, 0.0007, 0.043, 0.0071, 0.0239, 0.036, 0.0053], [0.0146, 0.0162, 0.02, 0.0007, 0.0266, 0.1173, 0.008, 0.1194, 0.0124], [0.0002, 0.0, 0.0019, 0.004, 0.0108, 0.0, 0.0299, 0.0048, 0.0238], [0.0038, 0.0246, 0.0337, 0.0017, 0.0159, 0.0563, 0.0016, 0.1205, 0.0115], [0.0002, 0.0001, 0.0067, 0.0099, 0.0039, 0.0, 0.0289, 0.0251, 0.0318]]}