{"aca_avg": 0.9215, "aca_std": 0.0075, "kappa_avg": 0.9416, "kappa_std": 0.0049, "acc_class_avg": [0.9856, 0.9492, 0.9354, 0.9842, 0.9508, 0.852, 0.9216, 0.8286, 0.8862], "acc_class_std": [0.0047, 0.021, 0.0253, 0.0246, 0.0101, 0.0314, 0.0202, 0.0406, 0.0315], "f1_avg_avg": 0.9186, "f1_avg_std": 0.0079, "auc_avg_avg": 0.9557, "auc_avg_std": 0.0043, "auc_class_avg": [0.9912, 0.9732, 0.9606, 0.9898, 0.9682, 0.9194, 0.9552, 0.9032, 0.9402], "auc_class_std": [0.0016, 0.0105, 0.0114, 0.0114, 0.0038, 0.0154, 0.0092, 0.0198, 0.0153], "f1_class_avg": [0.9788, 0.964, 0.917, 0.9746, 0.906, 0.8804, 0.9052, 0.82, 0.921], "f1_class_std": [0.0051, 0.0122, 0.0158, 0.0083, 0.0121, 0.0205, 0.0116, 0.0262, 0.0166], "sensitivity_class_avg": [0.9856, 0.9492, 0.9354, 0.9842, 0.9508, 0.852, 0.9216, 0.8286, 0.8862], "sensitivity_class_std": [0.0047, 0.021, 0.0253, 0.0246, 0.0101, 0.0314, 0.0202, 0.0406, 0.0315], "sensitivity_avg_avg": 0.9215, "sensitivity_avg_std": 0.0075, "specificity_class_avg": [0.9966, 0.9976, 0.9864, 0.9954, 0.9854, 0.9868, 0.989, 0.9774, 0.9936], "specificity_class_std": [0.0019, 0.001, 0.0052, 0.0022, 0.0036, 0.004, 0.0035, 0.006, 0.0029], "specificity_avg_avg": 0.9898, "specificity_avg_std": 0.0011, "cm_avg": [[10257.8, 49.6, 0.2, 0.0, 64.0, 17.8, 1.6, 16.0, 0.0], [29.4, 10029.4, 27.0, 90.8, 383.4, 2.0, 0.0, 4.0, 0.0], [10.2, 140.4, 10770.0, 61.0, 12.4, 123.0, 2.4, 236.2, 156.4], [0.2, 0.0, 133.6, 11374.8, 0.2, 0.2, 26.8, 10.4, 10.8], [66.0, 7.2, 73.0, 1.2, 8457.8, 36.8, 65.4, 152.6, 36.0], [165.6, 11.2, 218.8, 5.4, 65.8, 11534.2, 7.0, 1487.2, 40.8], [5.4, 0.8, 65.6, 65.0, 332.0, 2.4, 8074.8, 4.6, 212.4], [4.6, 3.6, 394.2, 14.6, 352.4, 925.6, 7.6, 8654.8, 88.6], [13.2, 0.6, 304.4, 172.8, 111.4, 24.6, 898.2, 100.6, 12691.2]], "cm_std": [[49.0241, 19.6224, 0.4, 0.0, 42.9698, 10.7406, 1.3565, 1.4142, 0.0], [51.3716, 221.4738, 28.8929, 80.9849, 222.8673, 1.7889, 0.0, 3.5214, 0.0], [4.2615, 106.7663, 289.6488, 46.9553, 9.0022, 113.6081, 2.0591, 65.4413, 142.3146], [0.4, 0.0, 235.7521, 282.4333, 0.4, 0.4, 41.2087, 4.3174, 9.239], [57.4909, 6.1123, 31.2474, 0.7483, 91.1074, 17.9488, 42.6174, 107.5911, 11.7813], [34.308, 2.6382, 51.6271, 1.3565, 54.6018, 421.6171, 6.0, 419.5218, 26.9696], [5.5353, 0.4, 47.9066, 47.9208, 146.3503, 2.498, 178.2486, 2.9394, 54.1686], [3.9294, 5.2383, 163.5462, 10.5565, 211.1877, 265.0438, 2.5768, 427.787, 71.2898], [9.7242, 0.8, 261.643, 88.7004, 96.7235, 29.3571, 273.2123, 76.2564, 450.7085]], "cm_norm_avg": [[0.9857, 0.0048, 0.0, 0.0, 0.0061, 0.0017, 0.0002, 0.0015, 0.0], [0.0028, 0.9492, 0.0026, 0.0086, 0.0363, 0.0002, 0.0, 0.0004, 0.0], [0.0009, 0.0122, 0.9355, 0.0053, 0.0011, 0.0107, 0.0002, 0.0205, 0.0136], [0.0, 0.0, 0.0116, 0.9842, 0.0, 0.0, 0.0023, 0.0009, 0.0009], [0.0074, 0.0008, 0.0082, 0.0001, 0.9507, 0.0041, 0.0074, 0.0172, 0.004], [0.0122, 0.0008, 0.0162, 0.0004, 0.0049, 0.8521, 0.0005, 0.1099, 0.003], [0.0006, 0.0001, 0.0075, 0.0074, 0.0379, 0.0003, 0.9215, 0.0005, 0.0242], [0.0004, 0.0003, 0.0377, 0.0014, 0.0337, 0.0886, 0.0007, 0.8285, 0.0085], [0.0009, 0.0, 0.0213, 0.0121, 0.0078, 0.0017, 0.0627, 0.007, 0.8864]], "cm_norm_std": [[0.0047, 0.0019, 0.0, 0.0, 0.0041, 0.001, 0.0001, 0.0001, 0.0], [0.0049, 0.021, 0.0027, 0.0077, 0.0211, 0.0002, 0.0, 0.0003, 0.0], [0.0004, 0.0093, 0.0252, 0.0041, 0.0008, 0.0099, 0.0002, 0.0057, 0.0124], [0.0, 0.0, 0.0204, 0.0244, 0.0, 0.0, 0.0036, 0.0004, 0.0008], [0.0065, 0.0007, 0.0035, 0.0001, 0.0102, 0.002, 0.0048, 0.0121, 0.0013], [0.0025, 0.0002, 0.0038, 0.0001, 0.004, 0.0311, 0.0004, 0.031, 0.002], [0.0006, 0.0, 0.0055, 0.0055, 0.0167, 0.0003, 0.0203, 0.0003, 0.0062], [0.0004, 0.0005, 0.0157, 0.001, 0.0202, 0.0254, 0.0002, 0.041, 0.0068], [0.0007, 0.0001, 0.0183, 0.0062, 0.0068, 0.0021, 0.0191, 0.0053, 0.0315]]}