{"aca_avg": 0.628, "aca_std": 0.0712, "kappa_avg": 0.6676, "kappa_std": 0.0956, "acc_class_avg": [0.6474, 0.673, 0.58, 0.967, 0.5976, 0.4136, 0.852, 0.3458, 0.5754], "acc_class_std": [0.2526, 0.2767, 0.192, 0.0117, 0.2762, 0.2298, 0.0481, 0.1857, 0.104], "f1_avg_avg": 0.6032, "f1_avg_std": 0.0799, "auc_avg_avg": 0.6973, "auc_avg_std": 0.041, "auc_class_avg": [0.8972, 0.9718, 0.6868, 0.7774, 0.674, 0.5912, 0.5344, 0.5714, 0.5718], "auc_class_std": [0.0818, 0.0152, 0.1112, 0.1122, 0.1803, 0.1015, 0.1775, 0.0539, 0.1186], "f1_class_avg": [0.6538, 0.7116, 0.618, 0.8444, 0.463, 0.4518, 0.6452, 0.3638, 0.6768], "f1_class_std": [0.1671, 0.2488, 0.0739, 0.0765, 0.2107, 0.1933, 0.1306, 0.1609, 0.0788], "sensitivity_class_avg": [0.6474, 0.673, 0.58, 0.967, 0.5976, 0.4136, 0.852, 0.3458, 0.5754], "sensitivity_class_std": [0.2526, 0.2767, 0.192, 0.0117, 0.2762, 0.2298, 0.0481, 0.1857, 0.104], "sensitivity_avg_avg": 0.628, "sensitivity_avg_std": 0.0711, "specificity_class_avg": [0.9676, 0.987, 0.9664, 0.9552, 0.9102, 0.9516, 0.9146, 0.9412, 0.9804], "specificity_class_std": [0.0228, 0.0078, 0.034, 0.0277, 0.061, 0.038, 0.0519, 0.0367, 0.0203], "specificity_avg_avg": 0.9527, "specificity_avg_std": 0.0089, "cm_avg": [[6738.2, 57.4, 8.0, 11.2, 2642.4, 41.8, 879.6, 9.2, 19.2], [626.4, 7110.6, 243.2, 283.8, 745.4, 1055.6, 179.8, 289.8, 31.4], [600.6, 612.4, 6675.2, 668.4, 580.8, 767.0, 245.2, 1183.8, 178.6], [57.8, 23.8, 61.6, 11175.8, 70.4, 4.6, 107.8, 16.0, 39.2], [515.4, 5.0, 110.4, 10.2, 5317.0, 56.8, 2710.8, 107.0, 63.4], [586.6, 306.6, 732.2, 739.6, 1604.2, 5597.4, 104.8, 3182.2, 682.4], [46.8, 1.0, 64.6, 471.2, 225.4, 20.0, 7466.8, 16.2, 451.0], [202.0, 143.8, 1199.0, 819.2, 2035.0, 1980.0, 249.2, 3610.2, 207.6], [253.0, 12.4, 550.6, 950.8, 266.4, 254.0, 3313.0, 478.6, 8238.2]], "cm_std": [[2627.9426, 69.9217, 9.5499, 15.2761, 2629.8289, 51.3708, 1750.7012, 10.4766, 37.902], [837.1018, 2923.2314, 304.3448, 156.1492, 654.1436, 1961.0639, 224.8754, 504.9849, 61.3045], [920.3679, 393.8013, 2210.68, 475.5151, 651.7878, 1112.458, 354.3509, 1030.3959, 196.7909], [108.6451, 47.6, 92.8194, 135.4746, 107.6988, 7.3648, 104.2524, 19.1937, 42.4989], [428.7827, 8.0747, 131.5304, 6.7646, 2457.3435, 92.335, 2658.5346, 188.5365, 112.9152], [328.1881, 241.9459, 896.4107, 821.0068, 2290.9823, 3113.1665, 53.5664, 2482.9326, 999.6575], [33.9081, 2.0, 64.3043, 406.3336, 143.6421, 36.1331, 423.7629, 29.0269, 148.6001], [314.3272, 107.9433, 1188.9108, 1482.0654, 2583.1744, 2871.1038, 174.3943, 1941.864, 283.5931], [470.62, 24.8, 638.9174, 546.5819, 285.3402, 493.6278, 1022.0395, 865.7331, 1491.2747]], "cm_norm_avg": [[0.6475, 0.0055, 0.0008, 0.0011, 0.2539, 0.004, 0.0845, 0.0009, 0.0018], [0.0593, 0.673, 0.023, 0.0269, 0.0705, 0.0999, 0.017, 0.0274, 0.003], [0.0522, 0.0532, 0.5798, 0.0581, 0.0505, 0.0666, 0.0213, 0.1028, 0.0155], [0.005, 0.0021, 0.0053, 0.967, 0.0061, 0.0004, 0.0093, 0.0014, 0.0034], [0.0579, 0.0006, 0.0124, 0.0011, 0.5977, 0.0064, 0.3047, 0.012, 0.0071], [0.0433, 0.0227, 0.0541, 0.0546, 0.1185, 0.4135, 0.0077, 0.2351, 0.0504], [0.0053, 0.0001, 0.0074, 0.0538, 0.0257, 0.0023, 0.8521, 0.0018, 0.0515], [0.0193, 0.0138, 0.1148, 0.0784, 0.1948, 0.1895, 0.0239, 0.3456, 0.0199], [0.0177, 0.0009, 0.0385, 0.0664, 0.0186, 0.0177, 0.2314, 0.0334, 0.5754]], "cm_norm_std": [[0.2525, 0.0067, 0.0009, 0.0015, 0.2527, 0.0049, 0.1682, 0.001, 0.0036], [0.0792, 0.2767, 0.0288, 0.0148, 0.0619, 0.1856, 0.0213, 0.0478, 0.0058], [0.0799, 0.0342, 0.192, 0.0413, 0.0566, 0.0966, 0.0308, 0.0895, 0.0171], [0.0094, 0.0041, 0.008, 0.0117, 0.0093, 0.0006, 0.009, 0.0017, 0.0037], [0.0482, 0.0009, 0.0148, 0.0008, 0.2762, 0.0104, 0.2988, 0.0212, 0.0127], [0.0242, 0.0179, 0.0662, 0.0607, 0.1693, 0.23, 0.004, 0.1834, 0.0739], [0.0039, 0.0002, 0.0073, 0.0464, 0.0164, 0.0041, 0.0484, 0.0033, 0.017], [0.0301, 0.0103, 0.1138, 0.1419, 0.2473, 0.2749, 0.0167, 0.1859, 0.0271], [0.0329, 0.0017, 0.0446, 0.0382, 0.0199, 0.0345, 0.0714, 0.0605, 0.1042]]}