{"aca_avg": 0.6879, "aca_std": 0.0134, "kappa_avg": 0.7346, "kappa_std": 0.0282, "acc_class_avg": [0.9162, 0.5916, 0.449, 0.795], "acc_class_std": [0.0358, 0.1145, 0.1307, 0.1123], "f1_avg_avg": 0.6337, "f1_avg_std": 0.0247, "auc_avg_avg": 0.7908, "auc_avg_std": 0.0265, "auc_class_avg": [0.8842, 0.8312, 0.6788, 0.7692], "auc_class_std": [0.0249, 0.0071, 0.0347, 0.0887], "f1_class_avg": [0.823, 0.5428, 0.5564, 0.6126], "f1_class_std": [0.0345, 0.0545, 0.1089, 0.0442], "sensitivity_class_avg": [0.9162, 0.5916, 0.449, 0.795], "sensitivity_class_std": [0.0358, 0.1145, 0.1307, 0.1123], "sensitivity_avg_avg": 0.688, "sensitivity_avg_std": 0.0134, "specificity_class_avg": [0.8638, 0.8682, 0.914, 0.8976], "specificity_class_std": [0.045, 0.0502, 0.0512, 0.0533], "specificity_avg_avg": 0.8859, "specificity_avg_std": 0.0041, "cm_avg": [[589.8, 33.2, 13.0, 8.0], [81.8, 232.6, 68.0, 10.6], [108.6, 186.6, 383.0, 174.8], [11.2, 8.0, 28.4, 184.4]], "cm_std": [[23.0599, 16.9163, 10.2567, 5.8992], [25.7014, 45.0138, 51.5442, 11.3243], [36.3791, 79.5025, 111.4899, 85.4667], [8.3283, 14.0428, 15.0546, 26.02]], "cm_norm_avg": [[0.9158, 0.0516, 0.0202, 0.0124], [0.2081, 0.5919, 0.173, 0.027], [0.1273, 0.2188, 0.449, 0.2049], [0.0483, 0.0345, 0.1224, 0.7948]], "cm_norm_std": [[0.0358, 0.0263, 0.0159, 0.0092], [0.0654, 0.1145, 0.1312, 0.0288], [0.0426, 0.0932, 0.1307, 0.1002], [0.0359, 0.0605, 0.0649, 0.1122]]}