{"aca_avg": 0.9285, "aca_std": 0.0, "kappa_avg": 0.942, "kappa_std": 0.0, "acc_class_avg": [0.994, 0.938, 0.951, 0.995, 0.935, 0.854, 0.921, 0.853, 0.917], "acc_class_std": [0.0, 0.0, 0.0, 0.0, 0.0, 0.0, 0.0, 0.0, 0.0], "f1_avg_avg": 0.9264, "f1_avg_std": 0.0, "auc_avg_avg": 0.9597, "auc_avg_std": 0.0, "auc_class_avg": [0.992, 0.969, 0.968, 0.994, 0.964, 0.922, 0.957, 0.916, 0.955], "auc_class_std": [0.0, 0.0, 0.0, 0.0, 0.0, 0.0, 0.0, 0.0, 0.0], "f1_class_avg": [0.954, 0.963, 0.924, 0.969, 0.93, 0.892, 0.923, 0.843, 0.94], "f1_class_std": [0.0, 0.0, 0.0, 0.0, 0.0, 0.0, 0.0, 0.0, 0.0], "sensitivity_class_avg": [0.994, 0.938, 0.951, 0.995, 0.935, 0.854, 0.921, 0.853, 0.917], "sensitivity_class_std": [0.0, 0.0, 0.0, 0.0, 0.0, 0.0, 0.0, 0.0, 0.0], "sensitivity_avg_avg": 0.9287, "sensitivity_avg_std": 0.0, "specificity_class_avg": [0.99, 0.999, 0.986, 0.992, 0.993, 0.991, 0.993, 0.98, 0.994], "specificity_class_std": [0.0, 0.0, 0.0, 0.0, 0.0, 0.0, 0.0, 0.0, 0.0], "specificity_avg_avg": 0.9909, "specificity_avg_std": 0.0, "cm_avg": [[10342.0, 43.0, 0.0, 0.0, 7.0, 3.0, 0.0, 12.0, 0.0], [337.0, 9914.0, 1.0, 207.0, 107.0, 0.0, 0.0, 0.0, 0.0], [20.0, 39.0, 10945.0, 38.0, 9.0, 115.0, 0.0, 234.0, 112.0], [1.0, 0.0, 34.0, 11497.0, 0.0, 0.0, 3.0, 17.0, 5.0], [290.0, 3.0, 61.0, 5.0, 8314.0, 6.0, 120.0, 67.0, 30.0], [226.0, 9.0, 264.0, 5.0, 25.0, 11558.0, 16.0, 1386.0, 47.0], [15.0, 1.0, 121.0, 64.0, 240.0, 2.0, 8073.0, 6.0, 241.0], [15.0, 6.0, 494.0, 27.0, 249.0, 685.0, 13.0, 8909.0, 48.0], [30.0, 0.0, 248.0, 318.0, 34.0, 3.0, 499.0, 63.0, 13122.0]], "cm_std": [[0.0, 0.0, 0.0, 0.0, 0.0, 0.0, 0.0, 0.0, 0.0], [0.0, 0.0, 0.0, 0.0, 0.0, 0.0, 0.0, 0.0, 0.0], [0.0, 0.0, 0.0, 0.0, 0.0, 0.0, 0.0, 0.0, 0.0], [0.0, 0.0, 0.0, 0.0, 0.0, 0.0, 0.0, 0.0, 0.0], [0.0, 0.0, 0.0, 0.0, 0.0, 0.0, 0.0, 0.0, 0.0], [0.0, 0.0, 0.0, 0.0, 0.0, 0.0, 0.0, 0.0, 0.0], [0.0, 0.0, 0.0, 0.0, 0.0, 0.0, 0.0, 0.0, 0.0], [0.0, 0.0, 0.0, 0.0, 0.0, 0.0, 0.0, 0.0, 0.0], [0.0, 0.0, 0.0, 0.0, 0.0, 0.0, 0.0, 0.0, 0.0]], "cm_norm_avg": [[0.9938, 0.0041, 0.0, 0.0, 0.0007, 0.0003, 0.0, 0.0012, 0.0], [0.0319, 0.9383, 0.0001, 0.0196, 0.0101, 0.0, 0.0, 0.0, 0.0], [0.0017, 0.0034, 0.9507, 0.0033, 0.0008, 0.01, 0.0, 0.0203, 0.0097], [0.0001, 0.0, 0.0029, 0.9948, 0.0, 0.0, 0.0003, 0.0015, 0.0004], [0.0326, 0.0003, 0.0069, 0.0006, 0.9346, 0.0007, 0.0135, 0.0075, 0.0034], [0.0167, 0.0007, 0.0195, 0.0004, 0.0018, 0.8539, 0.0012, 0.1024, 0.0035], [0.0017, 0.0001, 0.0138, 0.0073, 0.0274, 0.0002, 0.9213, 0.0007, 0.0275], [0.0014, 0.0006, 0.0473, 0.0026, 0.0238, 0.0656, 0.0012, 0.8529, 0.0046], [0.0021, 0.0, 0.0173, 0.0222, 0.0024, 0.0002, 0.0349, 0.0044, 0.9165]], "cm_norm_std": [[0.0, 0.0, 0.0, 0.0, 0.0, 0.0, 0.0, 0.0, 0.0], [0.0, 0.0, 0.0, 0.0, 0.0, 0.0, 0.0, 0.0, 0.0], [0.0, 0.0, 0.0, 0.0, 0.0, 0.0, 0.0, 0.0, 0.0], [0.0, 0.0, 0.0, 0.0, 0.0, 0.0, 0.0, 0.0, 0.0], [0.0, 0.0, 0.0, 0.0, 0.0, 0.0, 0.0, 0.0, 0.0], [0.0, 0.0, 0.0, 0.0, 0.0, 0.0, 0.0, 0.0, 0.0], [0.0, 0.0, 0.0, 0.0, 0.0, 0.0, 0.0, 0.0, 0.0], [0.0, 0.0, 0.0, 0.0, 0.0, 0.0, 0.0, 0.0, 0.0], [0.0, 0.0, 0.0, 0.0, 0.0, 0.0, 0.0, 0.0, 0.0]]}