{"aca_avg": 0.6148, "aca_std": 0.0298, "kappa_avg": 0.5272, "kappa_std": 0.067, "acc_class_avg": [0.75, 0.3726, 0.7248, 0.421, 0.6584, 0.379, 0.9698, 0.7598, 0.4598, 0.6608, 0.376, 0.9624, 0.3634, 0.548, 0.4798, 0.9512], "acc_class_std": [0.091, 0.2044, 0.062, 0.142, 0.1596, 0.203, 0.0346, 0.1918, 0.139, 0.2016, 0.2108, 0.035, 0.1741, 0.2146, 0.0702, 0.0323], "f1_avg_avg": 0.5265, "f1_avg_std": 0.0305, "auc_avg_avg": 0.8181, "auc_avg_std": 0.0144, "auc_class_avg": [0.894, 0.8078, 0.7336, 0.7858, 0.7652, 0.6496, 0.9234, 0.9498, 0.7704, 0.8942, 0.7232, 0.8336, 0.8296, 0.9344, 0.681, 0.9132], "auc_class_std": [0.0252, 0.0409, 0.0588, 0.0288, 0.1039, 0.0406, 0.0235, 0.018, 0.0113, 0.0401, 0.085, 0.0642, 0.0258, 0.0339, 0.0258, 0.0278], "f1_class_avg": [0.6826, 0.353, 0.5516, 0.4652, 0.615, 0.2352, 0.1752, 0.8334, 0.2332, 0.6614, 0.2322, 0.9524, 0.4388, 0.4964, 0.6006, 0.8972], "f1_class_std": [0.0703, 0.1163, 0.0785, 0.1329, 0.2213, 0.0538, 0.0745, 0.1384, 0.1008, 0.1678, 0.0875, 0.0208, 0.1841, 0.1353, 0.0428, 0.0147], "sensitivity_class_avg": [0.75, 0.3726, 0.7248, 0.421, 0.6584, 0.379, 0.9698, 0.7598, 0.4598, 0.6608, 0.376, 0.9624, 0.3634, 0.548, 0.4798, 0.9512], "sensitivity_class_std": [0.091, 0.2044, 0.062, 0.142, 0.1596, 0.203, 0.0346, 0.1918, 0.139, 0.2016, 0.2108, 0.035, 0.1741, 0.2146, 0.0702, 0.0323], "sensitivity_avg_avg": 0.6148, "sensitivity_avg_std": 0.0298, "specificity_class_avg": [0.9838, 0.9568, 0.9766, 0.9516, 0.9756, 0.9722, 0.9714, 0.9976, 0.963, 0.9658, 0.9692, 0.9918, 0.976, 0.9778, 0.9766, 0.9828], "specificity_class_std": [0.0104, 0.0198, 0.0115, 0.0124, 0.0336, 0.0207, 0.018, 0.0012, 0.0252, 0.0232, 0.0167, 0.0072, 0.0185, 0.016, 0.0145, 0.0055], "specificity_avg_avg": 0.9743, "specificity_avg_std": 0.0028, "cm_avg": [[692.8, 0.4, 105.0, 20.4, 3.2, 39.0, 0.2, 0.0, 2.2, 11.0, 13.4, 0.0, 15.6, 9.8, 3.8, 7.2], [0.0, 656.8, 0.6, 256.2, 148.6, 5.8, 90.4, 0.6, 146.4, 94.2, 17.8, 2.6, 193.4, 95.2, 37.8, 15.6], [36.0, 4.2, 484.8, 1.0, 8.6, 54.2, 1.6, 0.0, 0.2, 2.8, 26.4, 7.0, 0.4, 0.0, 41.8, 0.0], [203.6, 207.8, 81.8, 1460.4, 111.2, 108.2, 15.4, 25.4, 42.4, 363.2, 88.2, 0.6, 325.0, 253.6, 58.0, 125.2], [1.2, 11.0, 1.2, 44.8, 538.6, 36.2, 27.4, 0.0, 38.2, 2.0, 13.4, 18.8, 1.2, 16.0, 11.0, 57.0], [14.2, 0.8, 17.0, 1.4, 13.2, 166.4, 20.2, 0.2, 7.0, 6.4, 109.2, 18.4, 0.2, 0.0, 62.8, 1.6], [0.0, 0.0, 0.0, 0.0, 0.4, 0.0, 64.0, 0.0, 0.0, 0.0, 0.0, 1.4, 0.0, 0.0, 0.0, 0.2], [5.0, 0.0, 0.6, 2.6, 0.0, 1.0, 51.0, 1513.4, 101.4, 243.8, 9.4, 0.6, 18.6, 10.4, 23.2, 11.0], [2.2, 5.2, 15.4, 8.4, 9.4, 9.2, 9.0, 8.0, 149.4, 46.8, 7.6, 0.2, 4.6, 8.4, 1.6, 39.6], [29.0, 73.6, 1.4, 239.2, 4.2, 25.0, 20.6, 20.4, 366.2, 1726.8, 3.4, 0.2, 12.2, 22.0, 57.0, 11.8], [2.2, 11.4, 5.0, 0.0, 10.4, 48.6, 12.2, 0.0, 1.2, 1.4, 174.4, 16.0, 0.0, 0.0, 179.6, 1.6], [1.8, 0.0, 8.2, 0.2, 14.8, 62.6, 17.8, 0.0, 0.6, 0.2, 1.8, 3308.4, 0.0, 0.2, 18.6, 2.8], [8.6, 653.8, 4.0, 344.2, 54.4, 10.6, 43.6, 4.6, 106.8, 48.8, 100.8, 3.6, 972.6, 181.8, 35.4, 104.4], [2.2, 27.6, 0.0, 195.4, 9.0, 0.8, 5.2, 2.2, 128.8, 14.2, 1.2, 0.0, 28.0, 515.6, 1.2, 9.6], [128.6, 135.0, 402.0, 73.0, 242.8, 363.0, 476.8, 0.4, 68.8, 24.4, 457.6, 101.6, 8.0, 4.2, 2340.2, 48.6], [0.2, 1.4, 0.4, 4.0, 36.4, 0.2, 12.6, 1.6, 15.2, 9.6, 1.2, 32.2, 0.4, 0.8, 8.6, 2440.2]], "cm_std": [[84.1342, 0.8, 80.942, 12.5316, 4.5343, 33.2325, 0.4, 0.0, 3.9192, 16.4195, 8.1142, 0.0, 14.5134, 5.9127, 4.49, 1.9391], [0.0, 360.2607, 0.8, 135.5218, 221.1005, 7.3048, 111.0056, 0.8, 224.993, 118.0261, 13.8477, 2.4166, 167.1438, 101.5882, 27.9957, 8.4048], [36.2602, 7.9095, 41.4072, 2.0, 12.3548, 44.9328, 2.3324, 0.0, 0.4, 4.6217, 15.2918, 11.6619, 0.8, 0.0, 16.6181, 0.0], [216.7751, 245.1925, 37.5095, 493.3212, 169.5304, 122.609, 14.375, 19.2208, 43.5504, 255.0336, 65.052, 0.4899, 281.7446, 170.5398, 48.6703, 39.3721], [1.4697, 14.9131, 1.1662, 77.1788, 130.7006, 58.9013, 34.8057, 0.0, 40.9849, 2.1909, 17.4654, 28.1808, 1.4697, 9.8995, 7.2388, 57.5187], [9.683, 1.6, 11.9331, 1.8547, 13.9341, 89.0586, 14.0485, 0.4, 7.3485, 4.9639, 38.4884, 27.7604, 0.4, 0.0, 59.3916, 0.8], [0.0, 0.0, 0.0, 0.0, 0.8, 0.0, 2.2804, 0.0, 0.0, 0.0, 0.0, 2.3324, 0.0, 0.0, 0.0, 0.4], [5.0596, 0.0, 0.8, 3.3823, 0.0, 1.2649, 41.2165, 382.4263, 79.2555, 371.091, 17.8168, 0.8, 37.2, 16.4268, 23.5406, 9.6747], [2.7129, 6.1774, 5.004, 6.6513, 6.4062, 9.2822, 7.0711, 3.8471, 45.1956, 27.1765, 6.2482, 0.4, 3.6661, 9.0686, 1.8547, 17.9064], [17.3897, 50.6304, 1.2, 226.0207, 6.9397, 44.5107, 11.0923, 15.1737, 493.8921, 526.4418, 3.2619, 0.4, 14.4969, 13.4015, 99.5711, 12.7185], [2.0396, 19.3763, 2.0, 0.0, 17.8281, 60.3145, 14.2042, 0.0, 1.1662, 1.3565, 97.756, 26.6083, 0.0, 0.0, 122.9188, 2.3324], [2.7129, 0.0, 14.4139, 0.4, 18.2581, 92.4286, 29.1369, 0.0, 1.2, 0.4, 3.1241, 120.4369, 0.0, 0.4, 33.2722, 3.0594], [6.375, 466.6139, 3.4059, 204.1151, 64.03, 10.0519, 32.4321, 3.6111, 150.0245, 37.828, 44.6426, 5.2383, 466.4074, 152.0676, 40.7608, 50.8944], [2.0396, 38.5466, 0.0, 109.8118, 13.5647, 0.7483, 4.9558, 2.6382, 92.5903, 23.9449, 1.4697, 0.0, 43.5936, 202.063, 1.6, 17.7155], [80.567, 136.1778, 309.4401, 95.3373, 365.7335, 384.0479, 301.0292, 0.4899, 103.1104, 22.7912, 306.7074, 86.77, 7.6158, 4.7074, 341.3997, 40.6182], [0.4, 1.3565, 0.4899, 3.6878, 57.6111, 0.4, 10.4805, 1.0198, 14.3443, 15.7175, 1.4697, 26.5737, 0.4899, 1.6, 14.2632, 82.6182]], "cm_norm_avg": [[0.7498, 0.0004, 0.1136, 0.0221, 0.0035, 0.0422, 0.0002, 0.0, 0.0024, 0.0119, 0.0145, 0.0, 0.0169, 0.0106, 0.0041, 0.0078], [0.0, 0.3728, 0.0003, 0.1454, 0.0843, 0.0033, 0.0513, 0.0003, 0.0831, 0.0535, 0.0101, 0.0015, 0.1098, 0.054, 0.0215, 0.0089], [0.0538, 0.0063, 0.7247, 0.0015, 0.0129, 0.081, 0.0024, 0.0, 0.0003, 0.0042, 0.0395, 0.0105, 0.0006, 0.0, 0.0625, 0.0], [0.0587, 0.0599, 0.0236, 0.4209, 0.032, 0.0312, 0.0044, 0.0073, 0.0122, 0.1047, 0.0254, 0.0002, 0.0937, 0.0731, 0.0167, 0.0361], [0.0015, 0.0134, 0.0015, 0.0548, 0.6584, 0.0443, 0.0335, 0.0, 0.0467, 0.0024, 0.0164, 0.023, 0.0015, 0.0196, 0.0134, 0.0697], [0.0323, 0.0018, 0.0387, 0.0032, 0.0301, 0.379, 0.046, 0.0005, 0.0159, 0.0146, 0.2487, 0.0419, 0.0005, 0.0, 0.1431, 0.0036], [0.0, 0.0, 0.0, 0.0, 0.0061, 0.0, 0.9697, 0.0, 0.0, 0.0, 0.0, 0.0212, 0.0, 0.0, 0.0, 0.003], [0.0025, 0.0, 0.0003, 0.0013, 0.0, 0.0005, 0.0256, 0.7597, 0.0509, 0.1224, 0.0047, 0.0003, 0.0093, 0.0052, 0.0116, 0.0055], [0.0068, 0.016, 0.0474, 0.0258, 0.0289, 0.0283, 0.0277, 0.0246, 0.4597, 0.144, 0.0234, 0.0006, 0.0142, 0.0258, 0.0049, 0.1218], [0.0111, 0.0282, 0.0005, 0.0915, 0.0016, 0.0096, 0.0079, 0.0078, 0.1401, 0.6608, 0.0013, 0.0001, 0.0047, 0.0084, 0.0218, 0.0045], [0.0047, 0.0246, 0.0108, 0.0, 0.0224, 0.1047, 0.0263, 0.0, 0.0026, 0.003, 0.3759, 0.0345, 0.0, 0.0, 0.3871, 0.0034], [0.0005, 0.0, 0.0024, 0.0001, 0.0043, 0.0182, 0.0052, 0.0, 0.0002, 0.0001, 0.0005, 0.9623, 0.0, 0.0001, 0.0054, 0.0008], [0.0032, 0.2441, 0.0015, 0.1285, 0.0203, 0.004, 0.0163, 0.0017, 0.0399, 0.0182, 0.0376, 0.0013, 0.3632, 0.0679, 0.0132, 0.039], [0.0023, 0.0293, 0.0, 0.2077, 0.0096, 0.0009, 0.0055, 0.0023, 0.1369, 0.0151, 0.0013, 0.0, 0.0298, 0.5479, 0.0013, 0.0102], [0.0264, 0.0277, 0.0825, 0.015, 0.0498, 0.0745, 0.0978, 0.0001, 0.0141, 0.005, 0.0939, 0.0208, 0.0016, 0.0009, 0.48, 0.01], [0.0001, 0.0005, 0.0002, 0.0016, 0.0142, 0.0001, 0.0049, 0.0006, 0.0059, 0.0037, 0.0005, 0.0126, 0.0002, 0.0003, 0.0034, 0.9513]], "cm_norm_std": [[0.0911, 0.0009, 0.0876, 0.0136, 0.0049, 0.036, 0.0004, 0.0, 0.0042, 0.0178, 0.0088, 0.0, 0.0157, 0.0064, 0.0049, 0.0021], [0.0, 0.2045, 0.0005, 0.0769, 0.1255, 0.0041, 0.063, 0.0005, 0.1277, 0.067, 0.0079, 0.0014, 0.0949, 0.0577, 0.0159, 0.0048], [0.0542, 0.0118, 0.0619, 0.003, 0.0185, 0.0672, 0.0035, 0.0, 0.0006, 0.0069, 0.0229, 0.0174, 0.0012, 0.0, 0.0248, 0.0], [0.0625, 0.0707, 0.0108, 0.1422, 0.0489, 0.0353, 0.0041, 0.0055, 0.0126, 0.0735, 0.0187, 0.0001, 0.0812, 0.0491, 0.014, 0.0113], [0.0018, 0.0182, 0.0014, 0.0944, 0.1598, 0.072, 0.0425, 0.0, 0.0501, 0.0027, 0.0214, 0.0345, 0.0018, 0.0121, 0.0088, 0.0703], [0.0221, 0.0036, 0.0272, 0.0042, 0.0317, 0.2029, 0.032, 0.0009, 0.0167, 0.0113, 0.0877, 0.0632, 0.0009, 0.0, 0.1353, 0.0018], [0.0, 0.0, 0.0, 0.0, 0.0121, 0.0, 0.0346, 0.0, 0.0, 0.0, 0.0, 0.0353, 0.0, 0.0, 0.0, 0.0061], [0.0025, 0.0, 0.0004, 0.0017, 0.0, 0.0006, 0.0207, 0.192, 0.0398, 0.1863, 0.0089, 0.0004, 0.0187, 0.0082, 0.0118, 0.0049], [0.0083, 0.019, 0.0154, 0.0205, 0.0197, 0.0286, 0.0218, 0.0118, 0.1391, 0.0836, 0.0192, 0.0012, 0.0113, 0.0279, 0.0057, 0.0551], [0.0067, 0.0194, 0.0005, 0.0865, 0.0027, 0.017, 0.0042, 0.0058, 0.189, 0.2015, 0.0012, 0.0002, 0.0055, 0.0051, 0.0381, 0.0049], [0.0044, 0.0418, 0.0043, 0.0, 0.0384, 0.13, 0.0306, 0.0, 0.0025, 0.0029, 0.2107, 0.0573, 0.0, 0.0, 0.2649, 0.005], [0.0008, 0.0, 0.0042, 0.0001, 0.0053, 0.0269, 0.0085, 0.0, 0.0003, 0.0001, 0.0009, 0.035, 0.0, 0.0001, 0.0097, 0.0009], [0.0024, 0.1742, 0.0013, 0.0762, 0.0239, 0.0038, 0.0121, 0.0013, 0.056, 0.0141, 0.0167, 0.002, 0.1742, 0.0568, 0.0152, 0.019], [0.0022, 0.041, 0.0, 0.1167, 0.0144, 0.0008, 0.0053, 0.0028, 0.0984, 0.0254, 0.0016, 0.0, 0.0463, 0.2147, 0.0017, 0.0188], [0.0165, 0.0279, 0.0635, 0.0196, 0.075, 0.0788, 0.0617, 0.0001, 0.0212, 0.0047, 0.0629, 0.0178, 0.0016, 0.001, 0.07, 0.0083], [0.0002, 0.0005, 0.0002, 0.0014, 0.0225, 0.0002, 0.0041, 0.0004, 0.0056, 0.0061, 0.0006, 0.0104, 0.0002, 0.0006, 0.0056, 0.0322]]}