{"aca_avg": 0.778, "aca_std": 0.0394, "kappa_avg": 0.823, "kappa_std": 0.0746, "acc_class_avg": [0.8922, 0.8478, 0.5758, 0.979, 0.8782, 0.7038, 0.8048, 0.6418, 0.6788], "acc_class_std": [0.1114, 0.0298, 0.2585, 0.0295, 0.0602, 0.1843, 0.0995, 0.1563, 0.1027], "f1_avg_avg": 0.7672, "f1_avg_std": 0.0406, "auc_avg_avg": 0.8825, "auc_avg_std": 0.0377, "auc_class_avg": [0.971, 0.9046, 0.7788, 0.9674, 0.9376, 0.882, 0.949, 0.7052, 0.8468], "auc_class_std": [0.0108, 0.0661, 0.1997, 0.0228, 0.0195, 0.0632, 0.0212, 0.1058, 0.1063], "f1_class_avg": [0.89, 0.8912, 0.6242, 0.8896, 0.779, 0.72, 0.7578, 0.6214, 0.7314], "f1_class_std": [0.0409, 0.0207, 0.2056, 0.0673, 0.068, 0.1117, 0.0526, 0.1005, 0.1408], "sensitivity_class_avg": [0.8922, 0.8478, 0.5758, 0.979, 0.8782, 0.7038, 0.8048, 0.6418, 0.6788], "sensitivity_class_std": [0.1114, 0.0298, 0.2585, 0.0295, 0.0602, 0.1843, 0.0995, 0.1563, 0.1027], "sensitivity_avg_avg": 0.778, "sensitivity_avg_std": 0.0393, "specificity_class_avg": [0.9878, 0.9938, 0.9772, 0.9688, 0.9606, 0.9666, 0.9688, 0.9522, 0.966], "specificity_class_std": [0.0074, 0.0035, 0.0124, 0.0253, 0.0267, 0.0191, 0.0197, 0.0279, 0.0402], "specificity_avg_avg": 0.9713, "specificity_avg_std": 0.005, "cm_avg": [[9285.2, 84.4, 6.2, 1.0, 901.0, 10.4, 3.8, 113.2, 1.8], [356.8, 8957.6, 482.4, 61.0, 456.8, 25.2, 0.6, 151.0, 74.6], [64.8, 432.0, 6628.4, 1752.4, 241.6, 308.4, 20.4, 647.2, 1416.8], [0.8, 0.0, 21.6, 11316.4, 6.0, 0.0, 2.6, 1.8, 207.8], [302.4, 1.4, 73.6, 9.0, 7813.4, 34.4, 67.6, 393.8, 200.4], [339.2, 28.2, 508.2, 36.6, 325.4, 9527.8, 46.6, 2664.0, 60.0], [15.8, 0.4, 8.2, 131.4, 734.6, 0.6, 7051.6, 25.6, 794.8], [11.0, 14.8, 713.8, 68.2, 501.4, 2270.6, 12.2, 6702.6, 151.4], [7.6, 9.4, 223.2, 687.2, 420.6, 246.6, 2699.0, 306.0, 9717.4]], "cm_std": [[1158.6427, 108.7761, 7.1386, 0.6325, 883.0237, 7.8892, 5.671, 197.7245, 2.2271], [339.306, 316.3925, 440.7955, 63.1791, 400.9441, 27.6651, 1.2, 215.7007, 145.7252], [64.4342, 193.4611, 2975.8763, 1803.5645, 321.9556, 148.7933, 11.8929, 471.7204, 2621.7551], [1.6, 0.0, 19.106, 343.0409, 9.5708, 0.0, 2.7276, 1.7205, 347.4193], [259.9428, 0.8, 83.2865, 11.0272, 535.1084, 19.6835, 42.4057, 324.424, 327.1505], [276.4203, 23.1032, 544.7871, 22.6416, 136.0906, 2495.5396, 23.9132, 2173.5554, 42.8299], [17.96, 0.4899, 8.3042, 86.5739, 506.7041, 1.2, 873.4336, 48.7056, 436.3904], [13.069, 25.1825, 473.793, 83.7554, 479.5988, 1685.1826, 6.4622, 1631.8522, 197.3835], [7.3103, 17.8056, 192.3085, 517.2394, 413.5948, 483.7163, 1753.2031, 460.3012, 1471.1638]], "cm_norm_avg": [[0.8922, 0.0081, 0.0006, 0.0001, 0.0866, 0.001, 0.0004, 0.0109, 0.0002], [0.0338, 0.8478, 0.0457, 0.0058, 0.0432, 0.0024, 0.0001, 0.0143, 0.0071], [0.0056, 0.0375, 0.5758, 0.1522, 0.021, 0.0268, 0.0018, 0.0562, 0.1231], [0.0001, 0.0, 0.0019, 0.9792, 0.0005, 0.0, 0.0002, 0.0002, 0.018], [0.034, 0.0002, 0.0083, 0.001, 0.8783, 0.0039, 0.0076, 0.0443, 0.0225], [0.0251, 0.0021, 0.0375, 0.0027, 0.024, 0.7039, 0.0034, 0.1968, 0.0044], [0.0018, 0.0, 0.0009, 0.015, 0.0838, 0.0001, 0.8047, 0.0029, 0.0907], [0.0011, 0.0014, 0.0683, 0.0065, 0.048, 0.2174, 0.0012, 0.6416, 0.0145], [0.0005, 0.0007, 0.0156, 0.048, 0.0294, 0.0172, 0.1885, 0.0214, 0.6787]], "cm_norm_std": [[0.1113, 0.0105, 0.0007, 0.0001, 0.0848, 0.0008, 0.0005, 0.019, 0.0002], [0.0321, 0.0299, 0.0417, 0.006, 0.0379, 0.0026, 0.0001, 0.0204, 0.0138], [0.0056, 0.0168, 0.2585, 0.1567, 0.028, 0.0129, 0.001, 0.041, 0.2277], [0.0001, 0.0, 0.0017, 0.0297, 0.0008, 0.0, 0.0002, 0.0001, 0.0301], [0.0292, 0.0001, 0.0094, 0.0012, 0.0602, 0.0022, 0.0048, 0.0365, 0.0368], [0.0204, 0.0017, 0.0402, 0.0017, 0.0101, 0.1844, 0.0018, 0.1606, 0.0032], [0.002, 0.0001, 0.0009, 0.0099, 0.0578, 0.0001, 0.0997, 0.0056, 0.0498], [0.0013, 0.0024, 0.0454, 0.008, 0.0459, 0.1613, 0.0006, 0.1562, 0.0189], [0.0005, 0.0012, 0.0134, 0.0361, 0.0289, 0.0338, 0.1225, 0.0322, 0.1028]]}