{"aca_avg": 0.6317, "aca_std": 0.0228, "kappa_avg": 0.6876, "kappa_std": 0.0815, "acc_class_avg": [0.8926, 0.5476, 0.2662, 0.8206], "acc_class_std": [0.0495, 0.1038, 0.0668, 0.1438], "f1_avg_avg": 0.5444, "f1_avg_std": 0.0257, "auc_avg_avg": 0.761, "auc_avg_std": 0.025, "auc_class_avg": [0.8408, 0.8124, 0.683, 0.7078], "auc_class_std": [0.025, 0.024, 0.058, 0.0569], "f1_class_avg": [0.7764, 0.4946, 0.3964, 0.5102], "f1_class_std": [0.0465, 0.0586, 0.0752, 0.0768], "sensitivity_class_avg": [0.8926, 0.5476, 0.2662, 0.8206], "sensitivity_class_std": [0.0495, 0.1038, 0.0668, 0.1438], "sensitivity_avg_avg": 0.6318, "sensitivity_avg_std": 0.0229, "specificity_class_avg": [0.8196, 0.8484, 0.9594, 0.8236], "specificity_class_std": [0.065, 0.053, 0.0165, 0.069], "specificity_avg_avg": 0.8627, "specificity_avg_std": 0.0075, "cm_avg": [[574.8, 53.6, 6.2, 9.4], [121.0, 215.2, 29.6, 27.2], [124.2, 204.4, 227.0, 297.4], [21.6, 4.2, 15.8, 190.4]], "cm_std": [[31.8835, 32.5552, 8.9755, 6.0531], [31.4134, 40.8382, 21.2753, 20.4294], [66.6285, 71.5419, 56.9069, 104.6033], [29.3843, 5.5642, 9.5791, 33.3623]], "cm_norm_avg": [[0.8925, 0.0832, 0.0096, 0.0146], [0.3079, 0.5476, 0.0753, 0.0692], [0.1456, 0.2396, 0.2661, 0.3487], [0.0931, 0.0181, 0.0681, 0.8207]], "cm_norm_std": [[0.0495, 0.0506, 0.0139, 0.0094], [0.0799, 0.1039, 0.0541, 0.052], [0.0781, 0.0839, 0.0667, 0.1226], [0.1267, 0.024, 0.0413, 0.1438]]}