{"aca_avg": 0.6449, "aca_std": 0.0394, "kappa_avg": 0.7342, "kappa_std": 0.0127, "acc_class_avg": [0.8262, 0.5884, 0.4448, 0.7202], "acc_class_std": [0.0555, 0.1191, 0.1804, 0.1583], "f1_avg_avg": 0.5889, "f1_avg_std": 0.0432, "auc_avg_avg": 0.8067, "auc_avg_std": 0.0295, "auc_class_avg": [0.8968, 0.8126, 0.7134, 0.8038], "auc_class_std": [0.0286, 0.0149, 0.0324, 0.0733], "f1_class_avg": [0.808, 0.5248, 0.5296, 0.4932], "f1_class_std": [0.0146, 0.0393, 0.1417, 0.0684], "sensitivity_class_avg": [0.8262, 0.5884, 0.4448, 0.7202], "sensitivity_class_std": [0.0555, 0.1191, 0.1804, 0.1583], "sensitivity_avg_avg": 0.6449, "sensitivity_avg_std": 0.0394, "specificity_class_avg": [0.9046, 0.8516, 0.8898, 0.855], "specificity_class_std": [0.0372, 0.0774, 0.0607, 0.0344], "specificity_avg_avg": 0.8752, "specificity_avg_std": 0.0109, "cm_avg": [[532.2, 66.2, 26.2, 19.4], [84.6, 231.2, 56.6, 20.6], [51.4, 187.8, 379.6, 234.2], [5.0, 2.8, 57.2, 167.0]], "cm_std": [[35.7346, 33.8136, 25.1507, 15.5769], [35.5899, 46.8077, 37.6011, 3.8262], [21.2565, 119.364, 153.9878, 52.5639], [4.6043, 4.1665, 36.5863, 36.7315]], "cm_norm_avg": [[0.8264, 0.1028, 0.0407, 0.0301], [0.2153, 0.5883, 0.144, 0.0524], [0.0603, 0.2202, 0.445, 0.2746], [0.0216, 0.0121, 0.2466, 0.7198]], "cm_norm_std": [[0.0555, 0.0525, 0.0391, 0.0242], [0.0906, 0.1191, 0.0957, 0.0097], [0.0249, 0.1399, 0.1805, 0.0616], [0.0198, 0.018, 0.1577, 0.1583]]}