{"aca_avg": 0.5785, "aca_std": 0.0457, "kappa_avg": 0.5062, "kappa_std": 0.0581, "acc_class_avg": [0.752, 0.3942, 0.625, 0.4628, 0.5626, 0.384, 0.9332, 0.6448, 0.3204, 0.4834, 0.3442, 0.9634, 0.4094, 0.4984, 0.5546, 0.9236], "acc_class_std": [0.0432, 0.2543, 0.1707, 0.1487, 0.2166, 0.2397, 0.0506, 0.2162, 0.2149, 0.1942, 0.2194, 0.0385, 0.2083, 0.26, 0.0894, 0.0683], "f1_avg_avg": 0.5073, "f1_avg_std": 0.0399, "auc_avg_avg": 0.7758, "auc_avg_std": 0.0246, "auc_class_avg": [0.868, 0.6732, 0.802, 0.694, 0.7762, 0.6702, 0.957, 0.8188, 0.6468, 0.7324, 0.656, 0.9788, 0.685, 0.7376, 0.7592, 0.9582], "auc_class_std": [0.0204, 0.1132, 0.0793, 0.065, 0.1093, 0.0952, 0.0247, 0.1079, 0.1014, 0.1045, 0.1034, 0.0182, 0.101, 0.119, 0.035, 0.0335], "f1_class_avg": [0.69, 0.3382, 0.5092, 0.4592, 0.5856, 0.2182, 0.193, 0.723, 0.191, 0.5798, 0.2202, 0.9616, 0.4408, 0.4426, 0.6412, 0.9228], "f1_class_std": [0.0652, 0.1476, 0.064, 0.0952, 0.212, 0.0732, 0.0316, 0.158, 0.0991, 0.208, 0.084, 0.0195, 0.1845, 0.125, 0.0512, 0.0298], "sensitivity_class_avg": [0.752, 0.3942, 0.625, 0.4628, 0.5626, 0.384, 0.9332, 0.6448, 0.3204, 0.4834, 0.3442, 0.9634, 0.4094, 0.4984, 0.5546, 0.9236], "sensitivity_class_std": [0.0432, 0.2543, 0.1707, 0.1487, 0.2166, 0.2397, 0.0506, 0.2162, 0.2149, 0.1942, 0.2194, 0.0385, 0.2083, 0.26, 0.0894, 0.0683], "sensitivity_avg_avg": 0.5785, "sensitivity_avg_std": 0.0457, "specificity_class_avg": [0.9848, 0.9522, 0.9792, 0.9248, 0.9896, 0.9564, 0.9812, 0.9928, 0.9724, 0.9818, 0.968, 0.9942, 0.9612, 0.9768, 0.9644, 0.9924], "specificity_class_std": [0.0082, 0.0346, 0.0146, 0.0388, 0.0074, 0.0572, 0.0039, 0.0057, 0.0257, 0.021, 0.0267, 0.0048, 0.029, 0.0254, 0.0313, 0.0026], "specificity_avg_avg": 0.9733, "specificity_avg_std": 0.0036, "cm_avg": [[694.6, 2.6, 73.2, 40.0, 5.2, 42.4, 0.2, 0.8, 14.4, 1.0, 14.8, 0.2, 1.4, 7.4, 21.2, 4.6], [2.6, 694.8, 0.2, 377.4, 35.0, 25.4, 6.0, 0.0, 46.2, 30.4, 14.6, 10.8, 370.2, 95.8, 50.2, 2.4], [49.8, 3.0, 418.0, 4.2, 2.4, 53.4, 3.4, 0.0, 1.6, 8.4, 20.4, 2.2, 0.6, 0.0, 101.6, 0.0], [141.8, 220.4, 42.8, 1605.6, 80.6, 152.6, 9.8, 67.4, 33.0, 158.8, 88.8, 0.4, 446.0, 224.0, 120.6, 77.4], [1.2, 25.8, 1.4, 64.4, 460.2, 93.0, 10.6, 0.2, 13.0, 0.2, 53.0, 9.6, 4.2, 29.8, 38.0, 13.4], [11.6, 2.2, 6.2, 3.4, 2.2, 168.6, 10.4, 0.0, 9.4, 5.4, 125.6, 11.2, 0.0, 3.0, 79.2, 0.6], [0.0, 0.0, 0.0, 0.0, 0.0, 0.6, 61.6, 0.0, 0.0, 0.2, 0.0, 0.4, 0.0, 0.0, 3.2, 0.0], [2.0, 22.6, 2.2, 73.2, 1.4, 19.4, 138.0, 1284.2, 28.2, 180.6, 11.8, 0.6, 47.6, 45.2, 123.0, 12.0], [2.4, 15.0, 13.4, 19.4, 20.0, 36.4, 11.8, 7.2, 104.2, 19.2, 18.0, 0.2, 7.6, 19.8, 6.8, 23.6], [35.0, 207.8, 3.6, 366.2, 4.4, 72.2, 28.0, 70.8, 395.2, 1262.8, 21.4, 0.2, 18.6, 54.4, 60.6, 11.8], [3.4, 11.0, 3.6, 0.4, 4.0, 66.6, 15.0, 0.0, 1.8, 8.0, 159.6, 7.6, 1.0, 0.6, 181.4, 0.0], [0.8, 0.0, 2.4, 0.0, 2.6, 78.0, 22.4, 0.0, 0.0, 0.0, 7.2, 3312.8, 0.0, 0.0, 11.2, 0.6], [44.6, 560.2, 2.4, 442.2, 14.6, 25.4, 28.8, 41.0, 108.4, 36.0, 90.0, 2.6, 1096.4, 129.4, 30.6, 25.4], [3.2, 38.0, 0.0, 317.0, 15.2, 3.4, 2.6, 0.2, 42.0, 0.8, 0.8, 0.6, 46.2, 469.2, 1.8, 0.0], [115.8, 144.2, 416.8, 113.6, 83.8, 461.0, 209.2, 0.4, 41.0, 11.8, 415.2, 78.0, 41.8, 17.2, 2703.0, 22.2], [0.2, 1.2, 0.4, 23.8, 7.2, 65.8, 32.4, 3.4, 30.0, 2.8, 2.2, 15.4, 1.4, 5.4, 3.4, 2370.0]], "cm_std": [[39.963, 5.2, 41.72, 31.241, 8.9308, 30.7675, 0.4, 1.6, 26.8447, 1.2649, 19.8736, 0.4, 2.8, 9.7077, 18.7019, 5.748], [1.6248, 447.9667, 0.4, 234.8775, 32.6251, 44.8446, 4.5607, 0.0, 35.4931, 29.398, 18.0178, 15.3154, 254.4369, 129.7989, 47.0336, 3.4986], [41.5086, 6.0, 114.2506, 4.4, 2.8705, 66.7551, 4.8826, 0.0, 3.2, 16.8, 21.1433, 2.9257, 1.2, 0.0, 89.4485, 0.0], [140.6462, 237.0811, 28.4282, 516.4342, 122.0092, 194.501, 16.6541, 58.1226, 37.667, 173.8556, 103.0056, 0.8, 365.2364, 310.1284, 168.3016, 49.5645], [0.9798, 24.7338, 1.3565, 94.1225, 177.3374, 105.675, 3.0725, 0.4, 5.3292, 0.4, 76.0973, 7.6837, 4.4, 29.2944, 38.9615, 8.4048], [8.3809, 3.9192, 9.0421, 3.1369, 2.2271, 105.2133, 13.0935, 0.0, 13.0935, 9.3295, 73.4673, 18.4759, 0.0, 6.0, 68.2536, 1.2], [0.0, 0.0, 0.0, 0.0, 0.0, 1.2, 3.3226, 0.0, 0.0, 0.4, 0.0, 0.4899, 0.0, 0.0, 3.7094, 0.0], [0.8944, 33.1759, 2.9933, 65.0796, 2.8, 22.9748, 102.4597, 430.8705, 24.1777, 348.7862, 17.9042, 0.8, 79.8714, 85.4246, 226.7492, 16.0], [3.3823, 18.5041, 6.02, 5.7827, 23.816, 37.5585, 9.1082, 9.9277, 69.7751, 5.6356, 26.2602, 0.4, 5.4626, 24.6284, 8.5182, 14.0086], [25.6749, 360.9179, 4.0299, 236.1503, 5.9532, 78.5376, 23.1171, 71.1489, 571.7364, 507.7532, 41.3067, 0.4, 25.6016, 96.5393, 78.9395, 9.7857], [3.5553, 15.8493, 4.4542, 0.8, 4.2426, 92.9852, 12.8686, 0.0, 1.1662, 16.0, 101.8029, 10.2489, 2.0, 1.2, 130.4678, 0.0], [1.1662, 0.0, 2.3324, 0.0, 2.1541, 119.8866, 21.1339, 0.0, 0.0, 0.0, 10.028, 132.09, 0.0, 0.0, 10.8333, 0.8], [75.7433, 541.2834, 2.5768, 463.1092, 15.6538, 32.7451, 28.5335, 27.1662, 160.0532, 30.7311, 54.0999, 2.5768, 558.5115, 106.1708, 25.8039, 30.0905], [3.0594, 46.8487, 0.0, 210.6381, 29.9025, 3.5553, 4.7159, 0.4, 43.0395, 0.4, 1.1662, 1.2, 68.511, 244.7091, 3.6, 0.0], [63.3321, 81.5583, 323.9941, 158.2209, 108.2726, 673.2432, 56.2046, 0.4899, 53.5164, 15.1842, 357.6319, 65.9242, 41.811, 21.5537, 436.5648, 9.1082], [0.4, 1.6, 0.8, 27.2426, 3.3106, 129.1052, 35.1659, 3.8781, 52.684, 2.1354, 3.1241, 12.4836, 2.3324, 8.9353, 4.4091, 175.5745]], "cm_norm_avg": [[0.7517, 0.0028, 0.0792, 0.0433, 0.0056, 0.0459, 0.0002, 0.0009, 0.0156, 0.0011, 0.016, 0.0002, 0.0015, 0.008, 0.0229, 0.005], [0.0015, 0.3943, 0.0001, 0.2142, 0.0199, 0.0144, 0.0034, 0.0, 0.0262, 0.0173, 0.0083, 0.0061, 0.2101, 0.0544, 0.0285, 0.0014], [0.0744, 0.0045, 0.6248, 0.0063, 0.0036, 0.0798, 0.0051, 0.0, 0.0024, 0.0126, 0.0305, 0.0033, 0.0009, 0.0, 0.1519, 0.0], [0.0409, 0.0635, 0.0123, 0.4627, 0.0232, 0.044, 0.0028, 0.0194, 0.0095, 0.0458, 0.0256, 0.0001, 0.1285, 0.0646, 0.0348, 0.0223], [0.0015, 0.0315, 0.0017, 0.0787, 0.5626, 0.1137, 0.013, 0.0002, 0.0159, 0.0002, 0.0648, 0.0117, 0.0051, 0.0364, 0.0465, 0.0164], [0.0264, 0.005, 0.0141, 0.0077, 0.005, 0.3841, 0.0237, 0.0, 0.0214, 0.0123, 0.2861, 0.0255, 0.0, 0.0068, 0.1804, 0.0014], [0.0, 0.0, 0.0, 0.0, 0.0, 0.0091, 0.9333, 0.0, 0.0, 0.003, 0.0, 0.0061, 0.0, 0.0, 0.0485, 0.0], [0.001, 0.0113, 0.0011, 0.0367, 0.0007, 0.0097, 0.0693, 0.6447, 0.0142, 0.0907, 0.0059, 0.0003, 0.0239, 0.0227, 0.0617, 0.006], [0.0074, 0.0462, 0.0412, 0.0597, 0.0615, 0.112, 0.0363, 0.0222, 0.3206, 0.0591, 0.0554, 0.0006, 0.0234, 0.0609, 0.0209, 0.0726], [0.0134, 0.0795, 0.0014, 0.1401, 0.0017, 0.0276, 0.0107, 0.0271, 0.1512, 0.4833, 0.0082, 0.0001, 0.0071, 0.0208, 0.0232, 0.0045], [0.0073, 0.0237, 0.0078, 0.0009, 0.0086, 0.1435, 0.0323, 0.0, 0.0039, 0.0172, 0.344, 0.0164, 0.0022, 0.0013, 0.3909, 0.0], [0.0002, 0.0, 0.0007, 0.0, 0.0008, 0.0227, 0.0065, 0.0, 0.0, 0.0, 0.0021, 0.9636, 0.0, 0.0, 0.0033, 0.0002], [0.0167, 0.2092, 0.0009, 0.1651, 0.0055, 0.0095, 0.0108, 0.0153, 0.0405, 0.0134, 0.0336, 0.001, 0.4094, 0.0483, 0.0114, 0.0095], [0.0034, 0.0404, 0.0, 0.3369, 0.0162, 0.0036, 0.0028, 0.0002, 0.0446, 0.0009, 0.0009, 0.0006, 0.0491, 0.4986, 0.0019, 0.0], [0.0238, 0.0296, 0.0855, 0.0233, 0.0172, 0.0946, 0.0429, 0.0001, 0.0084, 0.0024, 0.0852, 0.016, 0.0086, 0.0035, 0.5545, 0.0046], [0.0001, 0.0005, 0.0002, 0.0093, 0.0028, 0.0257, 0.0126, 0.0013, 0.0117, 0.0011, 0.0009, 0.006, 0.0005, 0.0021, 0.0013, 0.924]], "cm_norm_std": [[0.0432, 0.0056, 0.0452, 0.0338, 0.0097, 0.0333, 0.0004, 0.0017, 0.0291, 0.0014, 0.0215, 0.0004, 0.003, 0.0105, 0.0202, 0.0062], [0.0009, 0.2542, 0.0002, 0.1333, 0.0185, 0.0255, 0.0026, 0.0, 0.0201, 0.0167, 0.0102, 0.0087, 0.1444, 0.0737, 0.0267, 0.002], [0.062, 0.009, 0.1708, 0.0066, 0.0043, 0.0998, 0.0073, 0.0, 0.0048, 0.0251, 0.0316, 0.0044, 0.0018, 0.0, 0.1337, 0.0], [0.0405, 0.0683, 0.0082, 0.1488, 0.0352, 0.0561, 0.0048, 0.0168, 0.0109, 0.0501, 0.0297, 0.0002, 0.1053, 0.0894, 0.0485, 0.0143], [0.0012, 0.0302, 0.0017, 0.1151, 0.2168, 0.1292, 0.0038, 0.0005, 0.0065, 0.0005, 0.093, 0.0094, 0.0054, 0.0358, 0.0476, 0.0103], [0.0191, 0.0089, 0.0206, 0.0071, 0.0051, 0.2397, 0.0298, 0.0, 0.0298, 0.0213, 0.1674, 0.0421, 0.0, 0.0137, 0.1555, 0.0027], [0.0, 0.0, 0.0, 0.0, 0.0, 0.0182, 0.0503, 0.0, 0.0, 0.0061, 0.0, 0.0074, 0.0, 0.0, 0.0562, 0.0], [0.0004, 0.0167, 0.0015, 0.0327, 0.0014, 0.0115, 0.0514, 0.2163, 0.0121, 0.1751, 0.009, 0.0004, 0.0401, 0.0429, 0.1138, 0.008], [0.0104, 0.0569, 0.0185, 0.0178, 0.0733, 0.1156, 0.028, 0.0305, 0.2147, 0.0173, 0.0808, 0.0012, 0.0168, 0.0758, 0.0262, 0.0431], [0.0098, 0.1381, 0.0015, 0.0904, 0.0023, 0.0301, 0.0088, 0.0272, 0.2188, 0.1943, 0.0158, 0.0002, 0.0098, 0.0369, 0.0302, 0.0037], [0.0077, 0.0342, 0.0096, 0.0017, 0.0091, 0.2004, 0.0277, 0.0, 0.0025, 0.0345, 0.2194, 0.0221, 0.0043, 0.0026, 0.2812, 0.0], [0.0003, 0.0, 0.0007, 0.0, 0.0006, 0.0349, 0.0061, 0.0, 0.0, 0.0, 0.0029, 0.0384, 0.0, 0.0, 0.0032, 0.0002], [0.0283, 0.2021, 0.001, 0.1729, 0.0058, 0.0122, 0.0107, 0.0101, 0.0598, 0.0115, 0.0202, 0.001, 0.2086, 0.0396, 0.0096, 0.0112], [0.0033, 0.0498, 0.0, 0.2238, 0.0318, 0.0038, 0.005, 0.0004, 0.0457, 0.0004, 0.0012, 0.0013, 0.0728, 0.2601, 0.0038, 0.0], [0.013, 0.0167, 0.0665, 0.0325, 0.0222, 0.1381, 0.0115, 0.0001, 0.011, 0.0031, 0.0734, 0.0135, 0.0086, 0.0044, 0.0896, 0.0019], [0.0002, 0.0006, 0.0003, 0.0106, 0.0013, 0.0503, 0.0137, 0.0015, 0.0205, 0.0008, 0.0012, 0.0049, 0.0009, 0.0035, 0.0017, 0.0685]]}