{"aca_avg": 0.7992, "aca_std": 0.0196, "kappa_avg": 0.7246, "kappa_std": 0.0282, "acc_class_avg": [0.9372, 0.7014, 0.8148, 0.5652, 0.9018, 0.743, 0.985, 0.9396, 0.5704, 0.8072, 0.5456, 0.9902, 0.6924, 0.8324, 0.775, 0.9848], "acc_class_std": [0.0285, 0.1282, 0.0431, 0.2034, 0.0129, 0.0557, 0.019, 0.0315, 0.1773, 0.0563, 0.1156, 0.0055, 0.0631, 0.0453, 0.0324, 0.0032], "f1_avg_avg": 0.7403, "f1_avg_std": 0.0307, "auc_avg_avg": 0.8929, "auc_avg_std": 0.0104, "auc_class_avg": [0.9608, 0.8326, 0.9048, 0.7688, 0.9494, 0.8664, 0.9904, 0.9684, 0.7806, 0.897, 0.7638, 0.9946, 0.83, 0.9074, 0.8804, 0.9912], "auc_class_std": [0.0117, 0.0554, 0.0201, 0.0971, 0.0058, 0.0263, 0.0089, 0.0157, 0.0862, 0.0245, 0.0588, 0.0028, 0.0274, 0.0237, 0.0147, 0.0012], "f1_class_avg": [0.7884, 0.6262, 0.7958, 0.6184, 0.898, 0.6358, 0.5694, 0.9532, 0.475, 0.8336, 0.4242, 0.9908, 0.6932, 0.7208, 0.8402, 0.981], "f1_class_std": [0.0465, 0.0438, 0.0262, 0.1676, 0.0136, 0.0502, 0.1254, 0.017, 0.0841, 0.0353, 0.0952, 0.0032, 0.0278, 0.0697, 0.0143, 0.0041], "sensitivity_class_avg": [0.9372, 0.7014, 0.8148, 0.5652, 0.9018, 0.743, 0.985, 0.9396, 0.5704, 0.8072, 0.5456, 0.9902, 0.6924, 0.8324, 0.775, 0.9848], "sensitivity_class_std": [0.0285, 0.1282, 0.0431, 0.2034, 0.0129, 0.0557, 0.019, 0.0315, 0.1773, 0.0563, 0.1156, 0.0055, 0.0631, 0.0453, 0.0324, 0.0032], "sensitivity_avg_avg": 0.7991, "sensitivity_avg_std": 0.0197, "specificity_class_avg": [0.9848, 0.9638, 0.9942, 0.9726, 0.9966, 0.9904, 0.996, 0.9976, 0.9908, 0.9862, 0.9824, 0.9986, 0.968, 0.9828, 0.9856, 0.9976], "specificity_class_std": [0.0059, 0.0199, 0.003, 0.0104, 0.0015, 0.0045, 0.0023, 0.0015, 0.0064, 0.0122, 0.0049, 0.0005, 0.0116, 0.0079, 0.0033, 0.0014], "specificity_avg_avg": 0.9868, "specificity_avg_std": 0.0016, "cm_avg": [[866.0, 0.4, 17.0, 9.4, 0.0, 5.4, 0.0, 0.2, 0.6, 0.0, 7.8, 0.0, 2.0, 2.8, 10.6, 1.8], [2.8, 1236.0, 0.0, 68.0, 27.8, 3.6, 0.6, 0.0, 6.8, 24.0, 4.4, 0.0, 290.4, 69.4, 28.2, 0.0], [29.0, 11.0, 545.2, 6.6, 0.2, 20.4, 1.4, 0.0, 0.4, 0.4, 14.6, 0.0, 0.6, 0.0, 39.2, 0.0], [168.4, 225.4, 8.4, 1961.8, 21.4, 40.2, 2.0, 24.0, 23.8, 252.8, 33.0, 0.0, 446.0, 199.6, 50.4, 12.8], [1.6, 21.4, 0.2, 7.4, 737.8, 11.0, 0.8, 0.0, 7.6, 0.0, 8.0, 2.6, 1.2, 11.4, 4.8, 2.2], [8.2, 0.6, 1.0, 4.2, 0.2, 326.2, 1.4, 0.0, 1.0, 0.8, 70.6, 3.2, 0.0, 0.0, 21.2, 0.4], [0.0, 0.0, 0.0, 0.0, 0.0, 0.0, 65.0, 0.0, 0.0, 0.0, 0.0, 0.0, 0.0, 0.0, 1.0, 0.0], [9.4, 0.4, 0.2, 8.2, 0.0, 15.4, 7.0, 1871.4, 38.4, 10.4, 0.4, 0.0, 3.2, 22.8, 4.6, 0.2], [11.8, 2.2, 6.6, 18.0, 8.8, 7.8, 2.8, 5.4, 185.4, 29.8, 3.8, 0.0, 12.0, 14.4, 2.6, 13.6], [22.0, 31.0, 0.0, 287.8, 0.6, 6.2, 2.8, 7.8, 107.2, 2110.0, 0.6, 0.0, 14.4, 14.0, 6.6, 2.0], [1.2, 13.2, 3.6, 1.6, 1.2, 61.8, 4.0, 0.0, 0.6, 0.0, 253.2, 1.0, 2.0, 0.0, 119.8, 0.8], [3.2, 0.0, 0.0, 0.0, 2.0, 11.6, 1.4, 0.0, 0.4, 0.0, 2.6, 3404.4, 0.0, 0.0, 12.4, 0.0], [14.2, 408.0, 0.0, 89.8, 9.0, 5.4, 1.0, 23.4, 34.6, 18.8, 57.2, 0.2, 1854.0, 121.4, 31.4, 9.6], [15.6, 15.2, 0.0, 76.0, 0.2, 1.2, 0.0, 0.2, 12.4, 5.0, 0.8, 0.0, 30.0, 783.4, 1.0, 0.0], [125.6, 222.8, 122.2, 82.2, 10.0, 80.4, 84.8, 0.2, 21.2, 3.8, 283.8, 20.2, 13.2, 10.4, 3778.4, 15.8], [4.2, 1.8, 0.2, 8.6, 6.8, 0.0, 1.4, 1.2, 5.6, 1.6, 0.2, 2.6, 2.2, 1.0, 2.0, 2525.6]], "cm_std": [[26.4424, 0.8, 10.8995, 9.3081, 0.0, 4.2237, 0.0, 0.4, 1.2, 0.0, 4.5343, 0.0, 3.5214, 1.1662, 7.7356, 3.6], [3.763, 226.1681, 0.0, 65.8149, 34.862, 3.8781, 0.8, 0.0, 4.6648, 11.7132, 5.4626, 0.0, 145.5742, 26.2952, 24.285, 0.0], [22.7156, 12.8374, 28.8264, 4.9639, 0.4, 14.1365, 2.3324, 0.0, 0.4899, 0.4899, 9.5415, 0.0, 0.4899, 0.0, 10.6094, 0.0], [83.0292, 162.0353, 6.7705, 705.9004, 13.0782, 19.6916, 3.0332, 22.2351, 30.8052, 278.8845, 22.891, 0.0, 227.8587, 92.7289, 14.3611, 9.8265], [1.3565, 15.6538, 0.4, 6.8877, 10.4957, 5.4037, 1.1662, 0.0, 6.2801, 0.0, 4.3359, 0.4899, 1.1662, 4.4091, 2.2271, 1.1662], [1.9391, 0.8, 0.8944, 2.9257, 0.4, 24.3836, 1.3565, 0.0, 1.5492, 0.7483, 15.0944, 3.6551, 0.0, 0.0, 9.988, 0.4899], [0.0, 0.0, 0.0, 0.0, 0.0, 0.0, 1.2649, 0.0, 0.0, 0.0, 0.0, 0.0, 0.0, 0.0, 1.2649, 0.0], [11.6207, 0.8, 0.4, 6.1774, 0.0, 5.9867, 7.8486, 63.0733, 38.5881, 11.6207, 0.8, 0.0, 4.5343, 12.0233, 2.6533, 0.4], [8.1584, 2.1354, 1.0198, 7.7717, 7.0257, 5.3814, 1.4697, 3.8781, 57.559, 17.3251, 4.1665, 0.0, 5.5498, 6.3119, 2.6533, 9.7693], [10.6207, 22.7596, 0.0, 149.5104, 0.4899, 1.4697, 2.7857, 5.8788, 70.3176, 146.8836, 0.8, 0.0, 6.1514, 6.261, 3.0725, 1.7889], [0.9798, 19.6916, 1.9596, 2.0591, 0.9798, 57.3948, 3.8471, 0.0, 0.8, 0.0, 53.6373, 0.6325, 2.7568, 0.0, 52.9732, 0.4], [2.9257, 0.0, 0.0, 0.0, 0.6325, 13.7201, 1.0198, 0.0, 0.8, 0.0, 3.0725, 18.4564, 0.0, 0.0, 10.8554, 0.0], [3.8678, 213.5256, 0.0, 58.3418, 1.6733, 2.9394, 0.8944, 13.1848, 29.7631, 6.4622, 40.281, 0.4, 169.0846, 82.8121, 20.1554, 4.3635], [8.3331, 14.0342, 0.0, 35.8664, 0.4, 0.7483, 0.0, 0.4, 12.1425, 4.2426, 0.9798, 0.0, 21.2509, 42.669, 1.0954, 0.0], [52.728, 209.5341, 76.5987, 22.1576, 1.6733, 33.6607, 49.0812, 0.4, 29.1644, 2.1354, 107.1268, 13.1362, 9.5163, 9.4573, 157.1364, 12.4804], [2.2271, 2.6382, 0.4, 5.6071, 3.8678, 0.0, 0.4899, 0.9798, 4.0299, 2.7276, 0.4, 2.8, 1.4697, 1.0954, 1.2649, 8.5463]], "cm_norm_avg": [[0.9372, 0.0004, 0.0184, 0.0102, 0.0, 0.0058, 0.0, 0.0002, 0.0006, 0.0, 0.0084, 0.0, 0.0022, 0.003, 0.0115, 0.0019], [0.0016, 0.7015, 0.0, 0.0386, 0.0158, 0.002, 0.0003, 0.0, 0.0039, 0.0136, 0.0025, 0.0, 0.1648, 0.0394, 0.016, 0.0], [0.0433, 0.0164, 0.8149, 0.0099, 0.0003, 0.0305, 0.0021, 0.0, 0.0006, 0.0006, 0.0218, 0.0, 0.0009, 0.0, 0.0586, 0.0], [0.0485, 0.065, 0.0024, 0.5654, 0.0062, 0.0116, 0.0006, 0.0069, 0.0069, 0.0729, 0.0095, 0.0, 0.1285, 0.0575, 0.0145, 0.0037], [0.002, 0.0262, 0.0002, 0.009, 0.902, 0.0134, 0.001, 0.0, 0.0093, 0.0, 0.0098, 0.0032, 0.0015, 0.0139, 0.0059, 0.0027], [0.0187, 0.0014, 0.0023, 0.0096, 0.0005, 0.7431, 0.0032, 0.0, 0.0023, 0.0018, 0.1608, 0.0073, 0.0, 0.0, 0.0483, 0.0009], [0.0, 0.0, 0.0, 0.0, 0.0, 0.0, 0.9848, 0.0, 0.0, 0.0, 0.0, 0.0, 0.0, 0.0, 0.0152, 0.0], [0.0047, 0.0002, 0.0001, 0.0041, 0.0, 0.0077, 0.0035, 0.9395, 0.0193, 0.0052, 0.0002, 0.0, 0.0016, 0.0114, 0.0023, 0.0001], [0.0363, 0.0068, 0.0203, 0.0554, 0.0271, 0.024, 0.0086, 0.0166, 0.5705, 0.0917, 0.0117, 0.0, 0.0369, 0.0443, 0.008, 0.0418], [0.0084, 0.0119, 0.0, 0.1101, 0.0002, 0.0024, 0.0011, 0.003, 0.041, 0.8075, 0.0002, 0.0, 0.0055, 0.0054, 0.0025, 0.0008], [0.0026, 0.0284, 0.0078, 0.0034, 0.0026, 0.1332, 0.0086, 0.0, 0.0013, 0.0, 0.5457, 0.0022, 0.0043, 0.0, 0.2582, 0.0017], [0.0009, 0.0, 0.0, 0.0, 0.0006, 0.0034, 0.0004, 0.0, 0.0001, 0.0, 0.0008, 0.9902, 0.0, 0.0, 0.0036, 0.0], [0.0053, 0.1524, 0.0, 0.0335, 0.0034, 0.002, 0.0004, 0.0087, 0.0129, 0.007, 0.0214, 0.0001, 0.6923, 0.0453, 0.0117, 0.0036], [0.0166, 0.0162, 0.0, 0.0808, 0.0002, 0.0013, 0.0, 0.0002, 0.0132, 0.0053, 0.0009, 0.0, 0.0319, 0.8325, 0.0011, 0.0], [0.0258, 0.0457, 0.0251, 0.0169, 0.0021, 0.0165, 0.0174, 0.0, 0.0043, 0.0008, 0.0582, 0.0041, 0.0027, 0.0021, 0.7751, 0.0032], [0.0016, 0.0007, 0.0001, 0.0034, 0.0027, 0.0, 0.0005, 0.0005, 0.0022, 0.0006, 0.0001, 0.001, 0.0009, 0.0004, 0.0008, 0.9846]], "cm_norm_std": [[0.0286, 0.0009, 0.0118, 0.0101, 0.0, 0.0046, 0.0, 0.0004, 0.0013, 0.0, 0.0049, 0.0, 0.0038, 0.0013, 0.0084, 0.0039], [0.0021, 0.1284, 0.0, 0.0374, 0.0198, 0.0022, 0.0005, 0.0, 0.0026, 0.0066, 0.0031, 0.0, 0.0826, 0.0149, 0.0138, 0.0], [0.034, 0.0192, 0.0431, 0.0074, 0.0006, 0.0211, 0.0035, 0.0, 0.0007, 0.0007, 0.0143, 0.0, 0.0007, 0.0, 0.0159, 0.0], [0.0239, 0.0467, 0.002, 0.2034, 0.0038, 0.0057, 0.0009, 0.0064, 0.0089, 0.0804, 0.0066, 0.0, 0.0657, 0.0267, 0.0041, 0.0028], [0.0017, 0.0191, 0.0005, 0.0084, 0.0128, 0.0066, 0.0014, 0.0, 0.0077, 0.0, 0.0053, 0.0006, 0.0014, 0.0054, 0.0027, 0.0014], [0.0044, 0.0018, 0.002, 0.0067, 0.0009, 0.0555, 0.0031, 0.0, 0.0035, 0.0017, 0.0344, 0.0083, 0.0, 0.0, 0.0228, 0.0011], [0.0, 0.0, 0.0, 0.0, 0.0, 0.0, 0.0192, 0.0, 0.0, 0.0, 0.0, 0.0, 0.0, 0.0, 0.0192, 0.0], [0.0058, 0.0004, 0.0002, 0.0031, 0.0, 0.003, 0.0039, 0.0317, 0.0194, 0.0058, 0.0004, 0.0, 0.0023, 0.006, 0.0013, 0.0002], [0.0251, 0.0066, 0.0031, 0.0239, 0.0216, 0.0166, 0.0045, 0.0119, 0.1771, 0.0533, 0.0128, 0.0, 0.0171, 0.0194, 0.0082, 0.0301], [0.0041, 0.0087, 0.0, 0.0572, 0.0002, 0.0006, 0.0011, 0.0022, 0.0269, 0.0562, 0.0003, 0.0, 0.0024, 0.0024, 0.0012, 0.0007], [0.0021, 0.0424, 0.0042, 0.0044, 0.0021, 0.1237, 0.0083, 0.0, 0.0017, 0.0, 0.1156, 0.0014, 0.0059, 0.0, 0.1142, 0.0009], [0.0009, 0.0, 0.0, 0.0, 0.0002, 0.004, 0.0003, 0.0, 0.0002, 0.0, 0.0009, 0.0054, 0.0, 0.0, 0.0032, 0.0], [0.0014, 0.0797, 0.0, 0.0218, 0.0006, 0.0011, 0.0003, 0.0049, 0.0111, 0.0024, 0.015, 0.0001, 0.0631, 0.0309, 0.0075, 0.0016], [0.0089, 0.0149, 0.0, 0.0381, 0.0004, 0.0008, 0.0, 0.0004, 0.0129, 0.0045, 0.001, 0.0, 0.0226, 0.0453, 0.0012, 0.0], [0.0108, 0.043, 0.0157, 0.0045, 0.0003, 0.0069, 0.0101, 0.0001, 0.006, 0.0004, 0.022, 0.0027, 0.002, 0.0019, 0.0322, 0.0026], [0.0009, 0.001, 0.0002, 0.0022, 0.0015, 0.0, 0.0002, 0.0004, 0.0016, 0.0011, 0.0002, 0.0011, 0.0006, 0.0004, 0.0005, 0.0033]]}