{"aca_avg": 0.5462, "aca_std": 0.0463, "kappa_avg": 0.7178, "kappa_std": 0.057, "acc_class_avg": [0.9252, 0.2294, 0.2698, 0.7602], "acc_class_std": [0.0654, 0.1868, 0.2112, 0.162], "f1_avg_avg": 0.4419, "f1_avg_std": 0.1153, "auc_avg_avg": 0.531, "auc_avg_std": 0.0049, "auc_class_avg": [0.0612, 0.4342, 0.7944, 0.8344], "auc_class_std": [0.0191, 0.0645, 0.0044, 0.0705], "f1_class_avg": [0.7766, 0.2422, 0.3324, 0.4164], "f1_class_std": [0.0456, 0.1504, 0.238, 0.0463], "sensitivity_class_avg": [0.9252, 0.2294, 0.2698, 0.7602], "sensitivity_class_std": [0.0654, 0.1868, 0.2112, 0.162], "sensitivity_avg_avg": 0.5462, "sensitivity_avg_std": 0.0463, "specificity_class_avg": [0.794, 0.9132, 0.912, 0.7548], "specificity_class_std": [0.098, 0.0712, 0.0673, 0.117], "specificity_avg_avg": 0.8435, "specificity_avg_std": 0.0216, "cm_avg": [[595.8, 36.2, 5.4, 6.6], [185.0, 90.2, 65.2, 52.6], [113.4, 105.4, 230.0, 404.2], [6.0, 8.4, 41.2, 176.4]], "cm_std": [[42.0305, 43.9518, 4.8, 5.3516], [69.2358, 73.4613, 49.7892, 45.1956], [71.7903, 76.3874, 180.0089, 173.5101], [8.025, 8.4048, 36.1187, 37.6117]], "cm_norm_avg": [[0.9252, 0.0562, 0.0084, 0.0102], [0.4707, 0.2295, 0.1659, 0.1338], [0.1329, 0.1236, 0.2696, 0.4739], [0.0259, 0.0362, 0.1776, 0.7603]], "cm_norm_std": [[0.0653, 0.0682, 0.0075, 0.0083], [0.1762, 0.1869, 0.1267, 0.115], [0.0842, 0.0896, 0.211, 0.2034], [0.0346, 0.0362, 0.1557, 0.1621]]}