{"aca_avg": 0.8911, "aca_std": 0.0089, "kappa_avg": 0.9224, "kappa_std": 0.0113, "acc_class_avg": [0.9806, 0.952, 0.8984, 0.9816, 0.8982, 0.7726, 0.9038, 0.7924, 0.8406], "acc_class_std": [0.006, 0.04, 0.0456, 0.0047, 0.0473, 0.0632, 0.045, 0.0604, 0.0627], "f1_avg_avg": 0.8867, "f1_avg_std": 0.0111, "auc_avg_avg": 0.9385, "auc_avg_std": 0.0051, "auc_class_avg": [0.986, 0.9738, 0.9422, 0.9892, 0.9428, 0.8774, 0.941, 0.8778, 0.916], "auc_class_std": [0.0028, 0.0191, 0.02, 0.0017, 0.0217, 0.0293, 0.0184, 0.0233, 0.0298], "f1_class_avg": [0.9554, 0.9572, 0.8958, 0.9784, 0.8856, 0.8178, 0.8486, 0.7542, 0.8872], "f1_class_std": [0.0139, 0.0149, 0.0118, 0.0029, 0.0201, 0.027, 0.0284, 0.0152, 0.0291], "sensitivity_class_avg": [0.9806, 0.952, 0.8984, 0.9816, 0.8982, 0.7726, 0.9038, 0.7924, 0.8406], "sensitivity_class_std": [0.006, 0.04, 0.0456, 0.0047, 0.0473, 0.0632, 0.045, 0.0604, 0.0627], "sensitivity_avg_avg": 0.8911, "sensitivity_avg_std": 0.0089, "specificity_class_avg": [0.9916, 0.9956, 0.9862, 0.9968, 0.9872, 0.9822, 0.978, 0.9636, 0.9912], "specificity_class_std": [0.0034, 0.0016, 0.0063, 0.0012, 0.0055, 0.0057, 0.0106, 0.0143, 0.0056], "specificity_avg_avg": 0.9858, "specificity_avg_std": 0.0015, "cm_avg": [[10202.4, 95.6, 0.2, 0.0, 74.8, 4.6, 4.2, 25.2, 0.0], [30.4, 10058.6, 11.4, 49.8, 327.4, 2.2, 16.4, 69.8, 0.0], [13.2, 251.8, 10340.6, 85.0, 11.2, 100.4, 45.4, 562.4, 102.0], [0.0, 1.2, 66.2, 11342.6, 0.2, 0.2, 19.8, 22.0, 104.8], [362.0, 9.2, 49.8, 0.4, 7989.8, 53.4, 185.2, 201.2, 45.0], [321.2, 19.2, 369.4, 5.2, 71.8, 10455.8, 42.6, 2220.4, 30.4], [6.6, 1.0, 76.0, 30.8, 307.8, 0.0, 7921.8, 5.0, 414.0], [7.4, 4.0, 416.0, 4.4, 264.8, 1373.4, 37.6, 8276.2, 62.2], [9.8, 5.0, 239.2, 108.4, 95.8, 14.8, 1666.4, 140.0, 12037.6]], "cm_std": [[62.4263, 80.4403, 0.4, 0.0, 67.0683, 3.7202, 5.0754, 10.6283, 0.0], [41.4902, 419.2496, 8.0895, 52.7083, 250.341, 2.7129, 26.7776, 139.6, 0.0], [8.1339, 100.8135, 521.9389, 36.9486, 6.3687, 43.8798, 57.0565, 574.0807, 37.9579], [0.0, 1.6, 80.026, 52.4694, 0.4, 0.4, 22.0853, 24.2652, 95.4744], [189.3093, 7.2498, 28.868, 0.4899, 420.3691, 59.3249, 155.0657, 140.2532, 35.2817], [238.3186, 8.9084, 154.9007, 1.1662, 73.6706, 854.9597, 45.9983, 718.9294, 21.4532], [3.8781, 0.0, 92.9021, 15.105, 70.5958, 0.0, 393.536, 3.5214, 356.5227], [9.8509, 4.5166, 261.436, 2.5768, 194.1313, 453.3337, 41.7258, 631.0931, 37.1128], [4.7074, 9.5079, 99.1694, 77.9092, 47.3092, 8.2559, 916.2935, 64.526, 896.8622]], "cm_norm_avg": [[0.9803, 0.0092, 0.0, 0.0, 0.0072, 0.0004, 0.0004, 0.0024, 0.0], [0.0029, 0.952, 0.0011, 0.0047, 0.031, 0.0002, 0.0016, 0.0066, 0.0], [0.0011, 0.0219, 0.8982, 0.0074, 0.001, 0.0087, 0.0039, 0.0489, 0.0089], [0.0, 0.0001, 0.0057, 0.9814, 0.0, 0.0, 0.0017, 0.0019, 0.0091], [0.0407, 0.001, 0.0056, 0.0, 0.8981, 0.006, 0.0208, 0.0226, 0.0051], [0.0237, 0.0014, 0.0273, 0.0004, 0.0053, 0.7724, 0.0031, 0.164, 0.0022], [0.0008, 0.0001, 0.0087, 0.0035, 0.0351, 0.0, 0.904, 0.0006, 0.0472], [0.0007, 0.0004, 0.0398, 0.0004, 0.0253, 0.1315, 0.0036, 0.7923, 0.006], [0.0007, 0.0003, 0.0167, 0.0076, 0.0067, 0.001, 0.1164, 0.0098, 0.8408]], "cm_norm_std": [[0.006, 0.0077, 0.0, 0.0, 0.0064, 0.0004, 0.0005, 0.001, 0.0], [0.0039, 0.0397, 0.0008, 0.005, 0.0237, 0.0003, 0.0025, 0.0132, 0.0], [0.0007, 0.0088, 0.0453, 0.0032, 0.0006, 0.0038, 0.005, 0.0499, 0.0033], [0.0, 0.0001, 0.0069, 0.0045, 0.0, 0.0, 0.0019, 0.0021, 0.0083], [0.0213, 0.0008, 0.0032, 0.0001, 0.0473, 0.0067, 0.0174, 0.0158, 0.004], [0.0176, 0.0007, 0.0114, 0.0001, 0.0054, 0.0632, 0.0034, 0.0531, 0.0016], [0.0004, 0.0, 0.0106, 0.0017, 0.0081, 0.0, 0.0449, 0.0004, 0.0407], [0.0009, 0.0004, 0.025, 0.0002, 0.0186, 0.0434, 0.004, 0.0604, 0.0036], [0.0003, 0.0007, 0.0069, 0.0054, 0.0033, 0.0006, 0.064, 0.0045, 0.0626]]}