{"aca_avg": 0.6808, "aca_std": 0.0665, "kappa_avg": 0.7314, "kappa_std": 0.0883, "acc_class_avg": [0.9352, 0.58, 0.6224, 0.9922, 0.676, 0.591, 0.7838, 0.3418, 0.6048], "acc_class_std": [0.0353, 0.3369, 0.0918, 0.0063, 0.2383, 0.2439, 0.1448, 0.2523, 0.13], "f1_avg_avg": 0.6537, "f1_avg_std": 0.0815, "auc_avg_avg": 0.8202, "auc_avg_std": 0.0793, "auc_class_avg": [0.9604, 0.8306, 0.748, 0.8448, 0.922, 0.8294, 0.8772, 0.6326, 0.7364], "auc_class_std": [0.0266, 0.1925, 0.145, 0.1915, 0.0328, 0.0981, 0.0678, 0.1225, 0.1087], "f1_class_avg": [0.8494, 0.651, 0.634, 0.8586, 0.6204, 0.5536, 0.6814, 0.3494, 0.6852], "f1_class_std": [0.1071, 0.3392, 0.0393, 0.0788, 0.164, 0.1704, 0.0356, 0.1627, 0.0872], "sensitivity_class_avg": [0.9352, 0.58, 0.6224, 0.9922, 0.676, 0.591, 0.7838, 0.3418, 0.6048], "sensitivity_class_std": [0.0353, 0.3369, 0.0918, 0.0063, 0.2383, 0.2439, 0.1448, 0.2523, 0.13], "sensitivity_avg_avg": 0.6808, "sensitivity_avg_std": 0.0665, "specificity_class_avg": [0.9642, 0.9972, 0.9538, 0.956, 0.9572, 0.9314, 0.9506, 0.9492, 0.976], "specificity_class_std": [0.0387, 0.0019, 0.0356, 0.0287, 0.0294, 0.0339, 0.024, 0.036, 0.0158], "specificity_avg_avg": 0.9595, "specificity_avg_std": 0.0079, "cm_avg": [[9733.2, 53.8, 3.4, 2.2, 425.4, 24.0, 121.6, 8.0, 35.4], [664.6, 6129.4, 1867.4, 157.2, 378.4, 1028.4, 66.8, 133.4, 140.4], [76.2, 141.8, 7164.2, 1235.4, 177.8, 1037.6, 172.2, 1121.8, 385.0], [0.6, 0.8, 49.6, 11465.6, 5.8, 1.0, 19.0, 0.4, 14.2], [1125.0, 5.0, 148.8, 11.6, 6015.6, 96.4, 1311.6, 103.2, 78.8], [596.6, 37.6, 266.8, 211.6, 1143.2, 7998.2, 81.2, 3042.8, 158.0], [68.4, 0.2, 87.2, 207.0, 328.4, 2.4, 6869.8, 1.2, 1198.4], [512.2, 7.0, 1025.0, 444.0, 1113.4, 3686.0, 42.4, 3569.0, 47.0], [164.0, 1.8, 652.6, 1643.6, 329.4, 74.8, 2676.8, 119.2, 8654.8]], "cm_std": [[366.837, 51.8513, 4.5431, 4.4, 396.7451, 18.7403, 201.5585, 7.823, 33.2301], [777.3984, 3559.2865, 2308.555, 137.8149, 232.5387, 1051.2847, 129.617, 94.0566, 245.7825], [55.887, 134.8175, 1057.5264, 639.8792, 131.3855, 883.1939, 159.893, 1467.5163, 362.8719], [1.2, 1.6, 38.2445, 70.5084, 5.6356, 2.0, 32.0187, 0.4899, 23.447], [1182.5021, 8.025, 212.7067, 12.8623, 2118.4154, 142.73, 1219.0942, 129.8698, 116.4395], [793.9311, 24.7758, 296.3615, 368.9529, 1395.7313, 3298.1913, 56.2615, 2722.0489, 194.001], [103.8549, 0.4, 94.751, 77.6325, 254.3774, 4.8, 1269.4759, 2.4, 1103.6218], [1009.4556, 6.7823, 1263.6343, 757.6714, 1269.1286, 2963.5324, 39.4492, 2634.4101, 81.1616], [305.1052, 3.6, 430.5209, 1163.4563, 286.4441, 132.8358, 1071.3624, 166.5718, 1861.9549]], "cm_norm_avg": [[0.9353, 0.0052, 0.0003, 0.0002, 0.0409, 0.0023, 0.0117, 0.0008, 0.0034], [0.0629, 0.5801, 0.1767, 0.0149, 0.0358, 0.0973, 0.0063, 0.0126, 0.0133], [0.0066, 0.0123, 0.6223, 0.1073, 0.0154, 0.0901, 0.015, 0.0974, 0.0334], [0.0001, 0.0001, 0.0043, 0.9921, 0.0005, 0.0001, 0.0016, 0.0, 0.0012], [0.1265, 0.0006, 0.0167, 0.0013, 0.6762, 0.0108, 0.1474, 0.0116, 0.0089], [0.0441, 0.0028, 0.0197, 0.0156, 0.0845, 0.5909, 0.006, 0.2248, 0.0117], [0.0078, 0.0, 0.01, 0.0236, 0.0375, 0.0003, 0.784, 0.0001, 0.1368], [0.049, 0.0007, 0.0981, 0.0425, 0.1066, 0.3529, 0.0041, 0.3417, 0.0045], [0.0115, 0.0001, 0.0456, 0.1148, 0.023, 0.0052, 0.187, 0.0083, 0.6045]], "cm_norm_std": [[0.0352, 0.005, 0.0004, 0.0004, 0.0381, 0.0018, 0.0194, 0.0008, 0.0032], [0.0736, 0.3369, 0.2185, 0.013, 0.022, 0.0995, 0.0123, 0.0089, 0.0233], [0.0049, 0.0117, 0.0919, 0.0556, 0.0114, 0.0767, 0.0139, 0.1275, 0.0315], [0.0001, 0.0001, 0.0033, 0.0061, 0.0005, 0.0002, 0.0028, 0.0, 0.002], [0.1329, 0.0009, 0.0239, 0.0014, 0.2381, 0.016, 0.137, 0.0146, 0.0131], [0.0587, 0.0018, 0.0219, 0.0273, 0.1031, 0.2437, 0.0042, 0.2011, 0.0143], [0.0119, 0.0, 0.0108, 0.0089, 0.029, 0.0005, 0.1449, 0.0003, 0.1259], [0.0966, 0.0006, 0.121, 0.0725, 0.1215, 0.2837, 0.0038, 0.2522, 0.0078], [0.0213, 0.0003, 0.0301, 0.0813, 0.02, 0.0093, 0.0748, 0.0116, 0.1301]]}