{"aca_avg": 0.492, "aca_std": 0.0413, "kappa_avg": 0.6688, "kappa_std": 0.0511, "acc_class_avg": [0.795, 0.203, 0.5374, 0.4326], "acc_class_std": [0.1838, 0.2477, 0.1077, 0.2748], "f1_avg_avg": 0.4374, "f1_avg_std": 0.0279, "auc_avg_avg": 0.5201, "auc_avg_std": 0.0085, "auc_class_avg": [0.0818, 0.4188, 0.8118, 0.768], "auc_class_std": [0.0343, 0.0392, 0.0231, 0.0666], "f1_class_avg": [0.7278, 0.146, 0.5914, 0.2842], "f1_class_std": [0.0792, 0.1525, 0.044, 0.1499], "sensitivity_class_avg": [0.795, 0.203, 0.5374, 0.4326], "sensitivity_class_std": [0.1838, 0.2477, 0.1077, 0.2748], "sensitivity_avg_avg": 0.492, "sensitivity_avg_std": 0.0414, "specificity_class_avg": [0.8422, 0.867, 0.822, 0.8504], "specificity_class_std": [0.0716, 0.1684, 0.0866, 0.115], "specificity_avg_avg": 0.8454, "specificity_avg_std": 0.0099, "cm_avg": [[512.0, 104.2, 11.0, 16.8], [152.8, 79.8, 105.8, 54.6], [74.8, 108.4, 458.4, 211.4], [5.6, 17.2, 108.8, 100.4]], "cm_std": [[118.2201, 135.6487, 19.5551, 18.1373], [61.2059, 97.4462, 67.0474, 59.6443], [44.3188, 130.6363, 91.8904, 144.7586], [7.6577, 27.759, 50.3126, 63.7639]], "cm_norm_avg": [[0.795, 0.1618, 0.0171, 0.0261], [0.3888, 0.2031, 0.2692, 0.1389], [0.0877, 0.1271, 0.5374, 0.2478], [0.0241, 0.0741, 0.469, 0.4328]], "cm_norm_std": [[0.1836, 0.2106, 0.0304, 0.0282], [0.1557, 0.248, 0.1706, 0.1518], [0.052, 0.1531, 0.1077, 0.1697], [0.033, 0.1197, 0.2169, 0.2748]]}