{"aca_avg": 0.8544, "aca_std": 0.0098, "kappa_avg": 0.9048, "kappa_std": 0.0082, "acc_class_avg": [0.9704, 0.9116, 0.8358, 0.9908, 0.871, 0.7862, 0.8388, 0.67, 0.8156], "acc_class_std": [0.0231, 0.0237, 0.0693, 0.0096, 0.0796, 0.059, 0.0442, 0.1135, 0.0421], "f1_avg_avg": 0.8512, "f1_avg_std": 0.0117, "auc_avg_avg": 0.9179, "auc_avg_std": 0.0054, "auc_class_avg": [0.9804, 0.9536, 0.911, 0.9888, 0.9262, 0.8774, 0.9074, 0.816, 0.9006], "auc_class_std": [0.0129, 0.01, 0.0327, 0.004, 0.0406, 0.0249, 0.0267, 0.0462, 0.0228], "f1_class_avg": [0.9438, 0.9356, 0.8616, 0.9488, 0.8446, 0.7912, 0.8054, 0.6708, 0.8588], "f1_class_std": [0.0273, 0.0097, 0.0293, 0.0306, 0.0538, 0.0175, 0.065, 0.0396, 0.0374], "sensitivity_class_avg": [0.9704, 0.9116, 0.8358, 0.9908, 0.871, 0.7862, 0.8388, 0.67, 0.8156], "sensitivity_class_std": [0.0231, 0.0237, 0.0693, 0.0096, 0.0796, 0.059, 0.0442, 0.1135, 0.0421], "sensitivity_avg_avg": 0.8545, "sensitivity_avg_std": 0.0099, "specificity_class_avg": [0.99, 0.9956, 0.9868, 0.987, 0.9816, 0.9688, 0.976, 0.962, 0.9862], "specificity_class_std": [0.0049, 0.0048, 0.0047, 0.0101, 0.0036, 0.0111, 0.0102, 0.025, 0.0067], "specificity_avg_avg": 0.9816, "specificity_avg_std": 0.0011, "cm_avg": [[10099.0, 94.2, 0.0, 0.0, 178.0, 9.0, 1.0, 21.8, 4.0], [267.0, 9629.2, 193.6, 76.0, 377.0, 2.0, 0.8, 17.8, 2.6], [33.0, 228.4, 9621.4, 445.6, 17.8, 134.0, 19.8, 834.4, 177.6], [0.2, 0.0, 23.0, 11451.0, 0.0, 0.0, 11.8, 50.2, 20.8], [220.4, 3.6, 76.4, 6.0, 7747.8, 56.4, 574.0, 171.6, 39.8], [342.4, 43.0, 266.0, 12.4, 95.4, 10643.2, 7.8, 2017.4, 108.4], [9.6, 0.6, 150.0, 104.2, 399.8, 0.0, 7349.2, 27.6, 722.0], [9.4, 22.6, 285.2, 47.4, 448.0, 2475.2, 39.4, 7001.0, 117.8], [15.0, 0.2, 179.4, 470.8, 156.6, 30.2, 1531.4, 257.6, 11675.8]], "cm_std": [[238.9996, 138.0252, 0.0, 0.0, 253.0368, 6.603, 1.2649, 11.7541, 8.0], [215.0526, 250.2402, 227.4631, 99.2734, 254.4296, 2.5298, 1.1662, 22.0218, 5.2], [30.0998, 182.4375, 796.6938, 404.1463, 16.726, 78.5417, 15.7277, 892.5128, 166.981], [0.4, 0.0, 35.7211, 113.733, 0.0, 0.0, 9.8671, 54.7993, 20.3214], [199.3335, 5.2383, 36.3516, 7.5895, 707.4748, 36.2249, 896.6774, 125.0418, 32.7683], [221.1132, 60.6696, 209.6292, 11.9097, 40.8784, 797.784, 5.4185, 1198.5075, 161.9649], [12.2898, 0.4899, 266.441, 94.4784, 105.5905, 0.0, 387.5479, 36.3296, 172.7935], [12.5634, 37.3449, 172.6261, 51.1414, 220.3461, 996.1657, 21.2471, 1188.0227, 142.4772], [7.7201, 0.4, 148.0292, 363.1233, 142.807, 31.8333, 876.6216, 350.7863, 601.2102]], "cm_norm_avg": [[0.9704, 0.0091, 0.0, 0.0, 0.0171, 0.0009, 0.0001, 0.0021, 0.0004], [0.0253, 0.9113, 0.0183, 0.0072, 0.0357, 0.0002, 0.0001, 0.0017, 0.0002], [0.0029, 0.0198, 0.8358, 0.0387, 0.0015, 0.0116, 0.0017, 0.0725, 0.0154], [0.0, 0.0, 0.002, 0.9908, 0.0, 0.0, 0.001, 0.0043, 0.0018], [0.0248, 0.0004, 0.0086, 0.0007, 0.8709, 0.0063, 0.0645, 0.0193, 0.0045], [0.0253, 0.0032, 0.0197, 0.0009, 0.007, 0.7863, 0.0006, 0.149, 0.008], [0.0011, 0.0001, 0.0171, 0.0119, 0.0456, 0.0, 0.8387, 0.0031, 0.0824], [0.0009, 0.0022, 0.0273, 0.0045, 0.0429, 0.237, 0.0038, 0.6702, 0.0113], [0.001, 0.0, 0.0125, 0.0329, 0.0109, 0.0021, 0.107, 0.018, 0.8155]], "cm_norm_std": [[0.023, 0.0133, 0.0, 0.0, 0.0243, 0.0006, 0.0001, 0.0011, 0.0008], [0.0204, 0.0237, 0.0215, 0.0094, 0.0241, 0.0002, 0.0001, 0.0021, 0.0005], [0.0026, 0.0158, 0.0692, 0.0351, 0.0015, 0.0068, 0.0014, 0.0775, 0.0145], [0.0, 0.0, 0.0031, 0.0098, 0.0, 0.0, 0.0009, 0.0047, 0.0018], [0.0224, 0.0006, 0.0041, 0.0009, 0.0795, 0.0041, 0.1008, 0.0141, 0.0037], [0.0163, 0.0045, 0.0155, 0.0009, 0.003, 0.0589, 0.0004, 0.0885, 0.012], [0.0014, 0.0001, 0.0304, 0.0108, 0.012, 0.0, 0.0442, 0.0041, 0.0197], [0.0012, 0.0036, 0.0165, 0.0049, 0.0211, 0.0954, 0.002, 0.1137, 0.0136], [0.0005, 0.0, 0.0103, 0.0254, 0.01, 0.0022, 0.0612, 0.0245, 0.042]]}