{"aca_avg": 0.5395, "aca_std": 0.0718, "kappa_avg": 0.4254, "kappa_std": 0.1071, "acc_class_avg": [0.5208, 0.2902, 0.638, 0.3238, 0.73, 0.3378, 0.9212, 0.7034, 0.203, 0.5884, 0.498, 0.925, 0.3576, 0.4534, 0.26, 0.8812], "acc_class_std": [0.2102, 0.0865, 0.0651, 0.136, 0.0556, 0.1329, 0.0726, 0.1831, 0.2031, 0.1067, 0.2601, 0.0609, 0.1374, 0.2234, 0.2412, 0.1203], "f1_avg_avg": 0.4449, "f1_avg_std": 0.0695, "auc_avg_avg": 0.7735, "auc_avg_std": 0.0515, "auc_class_avg": [0.8596, 0.727, 0.7576, 0.7546, 0.7246, 0.6518, 0.8652, 0.9288, 0.7034, 0.8736, 0.6724, 0.7412, 0.7696, 0.8946, 0.584, 0.8678], "auc_class_std": [0.0445, 0.0813, 0.048, 0.0453, 0.1226, 0.0623, 0.0956, 0.024, 0.0564, 0.0466, 0.1079, 0.169, 0.079, 0.0431, 0.1122, 0.0685], "f1_class_avg": [0.503, 0.2774, 0.4428, 0.3956, 0.641, 0.171, 0.0966, 0.7906, 0.1142, 0.5852, 0.1952, 0.9326, 0.438, 0.3288, 0.3336, 0.8732], "f1_class_std": [0.1452, 0.0758, 0.0698, 0.1414, 0.0816, 0.076, 0.051, 0.1163, 0.063, 0.1262, 0.0878, 0.0497, 0.1454, 0.1069, 0.2669, 0.0658], "sensitivity_class_avg": [0.5208, 0.2902, 0.638, 0.3238, 0.73, 0.3378, 0.9212, 0.7034, 0.203, 0.5884, 0.498, 0.925, 0.3576, 0.4534, 0.26, 0.8812], "sensitivity_class_std": [0.2102, 0.0865, 0.0651, 0.136, 0.0556, 0.1329, 0.0726, 0.1831, 0.2031, 0.1067, 0.2601, 0.0609, 0.1374, 0.2234, 0.2412, 0.1203], "sensitivity_avg_avg": 0.5395, "sensitivity_avg_std": 0.0717, "specificity_class_avg": [0.9828, 0.9412, 0.9682, 0.9642, 0.9818, 0.9556, 0.9498, 0.9964, 0.9774, 0.9478, 0.9402, 0.9922, 0.9738, 0.9554, 0.9832, 0.987], "specificity_class_std": [0.0075, 0.0317, 0.0109, 0.0164, 0.011, 0.0178, 0.0199, 0.0022, 0.013, 0.0568, 0.0233, 0.0069, 0.0194, 0.0279, 0.0125, 0.008], "specificity_avg_avg": 0.9686, "specificity_avg_std": 0.005, "cm_avg": [[481.2, 9.2, 134.6, 55.0, 6.2, 143.6, 0.0, 0.0, 9.4, 6.2, 47.0, 4.0, 13.4, 11.4, 1.4, 1.4], [10.0, 511.0, 1.8, 143.8, 109.2, 3.8, 199.6, 1.4, 10.4, 159.2, 153.0, 13.6, 191.2, 165.8, 57.2, 31.0], [56.0, 13.8, 426.8, 1.0, 2.8, 88.8, 5.0, 1.4, 5.4, 1.4, 54.4, 2.4, 0.0, 0.0, 9.6, 0.2], [193.4, 437.0, 68.4, 1123.2, 105.2, 53.8, 15.6, 31.2, 103.0, 477.4, 179.4, 13.2, 284.4, 297.4, 34.8, 52.6], [0.8, 17.8, 5.8, 20.8, 597.2, 11.6, 13.6, 0.2, 13.8, 1.6, 50.8, 15.2, 1.0, 10.4, 36.8, 20.6], [11.6, 14.6, 35.4, 4.8, 9.6, 148.4, 14.0, 1.6, 2.2, 10.4, 128.2, 12.8, 0.8, 2.2, 41.4, 1.0], [0.0, 0.0, 0.0, 0.0, 0.0, 0.0, 60.8, 1.0, 0.0, 0.0, 0.2, 1.8, 0.0, 0.0, 0.6, 1.6], [0.8, 15.4, 2.4, 22.2, 0.2, 7.6, 118.8, 1400.8, 84.0, 160.0, 12.8, 12.6, 4.2, 119.8, 18.4, 12.0], [3.0, 2.8, 12.4, 12.6, 31.2, 8.2, 17.0, 7.0, 66.0, 61.8, 16.8, 0.4, 11.8, 42.8, 6.8, 24.4], [27.8, 94.8, 13.8, 304.4, 3.2, 20.0, 108.8, 32.4, 195.2, 1537.6, 36.4, 0.6, 24.8, 134.6, 50.0, 28.6], [1.4, 12.2, 12.4, 0.8, 3.4, 102.8, 34.8, 0.0, 0.8, 2.2, 231.0, 8.8, 0.2, 0.4, 51.4, 1.4], [0.4, 12.6, 30.2, 0.6, 13.6, 35.2, 89.8, 0.6, 0.6, 1.0, 17.6, 3180.2, 0.0, 0.0, 48.4, 7.2], [24.6, 432.0, 3.6, 148.8, 59.8, 19.8, 139.4, 6.4, 32.6, 189.0, 116.8, 5.6, 958.2, 399.0, 27.0, 115.4], [5.4, 93.6, 0.0, 107.2, 25.2, 0.2, 2.4, 2.0, 43.2, 101.0, 7.6, 0.8, 120.0, 426.8, 3.8, 1.8], [132.4, 388.0, 551.4, 50.8, 77.4, 731.0, 631.0, 1.4, 34.2, 29.2, 820.6, 100.0, 8.2, 19.2, 1267.6, 32.6], [2.0, 1.8, 0.2, 7.2, 40.0, 0.6, 14.2, 4.8, 85.4, 127.0, 5.4, 6.2, 2.0, 4.8, 3.2, 2260.2]], "cm_std": [[194.1323, 8.565, 134.4509, 60.5211, 5.6, 176.8057, 0.0, 0.0, 16.8357, 7.7563, 67.2845, 4.9396, 16.3169, 11.3596, 1.8547, 1.4967], [18.0222, 152.4703, 2.7129, 147.9208, 102.3551, 4.8332, 72.5165, 2.8, 9.5205, 106.676, 181.5819, 24.3113, 103.1085, 143.2109, 55.192, 23.8076], [50.3389, 23.8025, 43.6962, 1.5492, 1.9391, 34.6433, 3.4059, 2.8, 10.3073, 1.7436, 35.618, 1.8547, 0.0, 0.0, 10.707, 0.4], [135.6121, 348.9092, 52.0062, 471.5419, 80.5143, 27.874, 10.9654, 36.367, 76.2102, 673.6761, 136.5761, 16.8689, 221.9492, 217.6581, 35.7514, 51.4261], [1.1662, 22.1757, 8.5417, 19.1771, 45.3184, 20.284, 11.5689, 0.4, 24.2025, 1.8547, 59.152, 13.5263, 1.5492, 6.4684, 51.1289, 21.7679], [9.972, 28.2106, 13.3955, 3.9192, 4.9639, 58.2876, 10.1784, 1.8547, 1.9391, 15.7556, 62.9616, 13.2424, 1.1662, 3.9192, 29.7899, 1.5492], [0.0, 0.0, 0.0, 0.0, 0.0, 0.0, 4.7917, 2.0, 0.0, 0.0, 0.4, 3.1241, 0.0, 0.0, 1.2, 2.7276], [1.6, 20.2247, 3.2, 24.0865, 0.4, 10.5186, 109.4923, 364.8076, 98.6043, 258.8413, 16.7738, 23.7116, 4.2615, 158.3179, 26.4998, 13.3866], [2.2804, 2.9257, 10.837, 2.7276, 23.1724, 8.9532, 18.2099, 4.3359, 66.0061, 37.902, 22.1034, 0.8, 8.9084, 30.9283, 6.1123, 23.053], [15.5872, 93.0105, 14.0485, 126.7574, 4.9558, 19.4628, 112.9131, 32.4321, 158.7846, 278.6845, 49.1431, 0.4899, 14.0911, 127.2833, 34.0, 46.847], [1.3565, 11.99, 8.8227, 0.7483, 3.2619, 108.2098, 20.5076, 0.0, 1.1662, 3.1241, 120.7675, 5.5281, 0.4, 0.4899, 50.579, 2.8], [0.8, 24.703, 33.4867, 0.8, 8.309, 47.3515, 86.7765, 1.2, 1.2, 1.2649, 19.0221, 209.9566, 0.0, 0.0, 83.9967, 6.0795], [20.9533, 327.4508, 2.6533, 219.2874, 23.7521, 25.9106, 148.403, 11.3066, 29.5675, 170.0647, 51.9515, 6.4684, 368.0111, 229.2195, 20.9476, 131.6869], [9.8306, 174.274, 0.0, 129.2817, 41.7584, 0.4, 1.8547, 3.5214, 77.5691, 170.8204, 8.8227, 1.1662, 233.5132, 210.0232, 4.2615, 3.6], [66.2559, 542.131, 361.1097, 36.8912, 48.2104, 408.0652, 462.5819, 1.9596, 61.4407, 30.5051, 335.5971, 95.1168, 10.6846, 16.2653, 1175.3006, 46.2627], [1.7889, 3.1241, 0.4, 7.1944, 60.3424, 0.8, 19.02, 5.5642, 165.8344, 249.5043, 6.086, 6.6453, 2.2804, 5.2688, 3.8678, 308.6444]], "cm_norm_avg": [[0.5208, 0.01, 0.1457, 0.0595, 0.0067, 0.1554, 0.0, 0.0, 0.0102, 0.0067, 0.0509, 0.0043, 0.0145, 0.0123, 0.0015, 0.0015], [0.0057, 0.29, 0.001, 0.0816, 0.062, 0.0022, 0.1133, 0.0008, 0.0059, 0.0904, 0.0868, 0.0077, 0.1085, 0.0941, 0.0325, 0.0176], [0.0837, 0.0206, 0.638, 0.0015, 0.0042, 0.1327, 0.0075, 0.0021, 0.0081, 0.0021, 0.0813, 0.0036, 0.0, 0.0, 0.0143, 0.0003], [0.0557, 0.1259, 0.0197, 0.3237, 0.0303, 0.0155, 0.0045, 0.009, 0.0297, 0.1376, 0.0517, 0.0038, 0.082, 0.0857, 0.01, 0.0152], [0.001, 0.0218, 0.0071, 0.0254, 0.7301, 0.0142, 0.0166, 0.0002, 0.0169, 0.002, 0.0621, 0.0186, 0.0012, 0.0127, 0.045, 0.0252], [0.0264, 0.0333, 0.0806, 0.0109, 0.0219, 0.338, 0.0319, 0.0036, 0.005, 0.0237, 0.292, 0.0292, 0.0018, 0.005, 0.0943, 0.0023], [0.0, 0.0, 0.0, 0.0, 0.0, 0.0, 0.9212, 0.0152, 0.0, 0.0, 0.003, 0.0273, 0.0, 0.0, 0.0091, 0.0242], [0.0004, 0.0077, 0.0012, 0.0111, 0.0001, 0.0038, 0.0596, 0.7032, 0.0422, 0.0803, 0.0064, 0.0063, 0.0021, 0.0601, 0.0092, 0.006], [0.0092, 0.0086, 0.0382, 0.0388, 0.096, 0.0252, 0.0523, 0.0215, 0.2031, 0.1902, 0.0517, 0.0012, 0.0363, 0.1317, 0.0209, 0.0751], [0.0106, 0.0363, 0.0053, 0.1165, 0.0012, 0.0077, 0.0416, 0.0124, 0.0747, 0.5884, 0.0139, 0.0002, 0.0095, 0.0515, 0.0191, 0.0109], [0.003, 0.0263, 0.0267, 0.0017, 0.0073, 0.2216, 0.075, 0.0, 0.0017, 0.0047, 0.4978, 0.019, 0.0004, 0.0009, 0.1108, 0.003], [0.0001, 0.0037, 0.0088, 0.0002, 0.004, 0.0102, 0.0261, 0.0002, 0.0002, 0.0003, 0.0051, 0.925, 0.0, 0.0, 0.0141, 0.0021], [0.0092, 0.1613, 0.0013, 0.0556, 0.0223, 0.0074, 0.0521, 0.0024, 0.0122, 0.0706, 0.0436, 0.0021, 0.3578, 0.149, 0.0101, 0.0431], [0.0057, 0.0995, 0.0, 0.1139, 0.0268, 0.0002, 0.0026, 0.0021, 0.0459, 0.1073, 0.0081, 0.0009, 0.1275, 0.4536, 0.004, 0.0019], [0.0272, 0.0796, 0.1131, 0.0104, 0.0159, 0.1499, 0.1294, 0.0003, 0.007, 0.006, 0.1683, 0.0205, 0.0017, 0.0039, 0.26, 0.0067], [0.0008, 0.0007, 0.0001, 0.0028, 0.0156, 0.0002, 0.0055, 0.0019, 0.0333, 0.0495, 0.0021, 0.0024, 0.0008, 0.0019, 0.0012, 0.8812]], "cm_norm_std": [[0.2101, 0.0093, 0.1455, 0.0655, 0.0061, 0.1913, 0.0, 0.0, 0.0182, 0.0084, 0.0728, 0.0053, 0.0177, 0.0123, 0.002, 0.0016], [0.0102, 0.0865, 0.0015, 0.084, 0.0581, 0.0027, 0.0412, 0.0016, 0.0054, 0.0605, 0.1031, 0.0138, 0.0585, 0.0813, 0.0313, 0.0135], [0.0752, 0.0356, 0.0653, 0.0023, 0.0029, 0.0518, 0.0051, 0.0042, 0.0154, 0.0026, 0.0532, 0.0028, 0.0, 0.0, 0.016, 0.0006], [0.0391, 0.1006, 0.015, 0.1359, 0.0232, 0.008, 0.0032, 0.0105, 0.022, 0.1941, 0.0394, 0.0049, 0.064, 0.0627, 0.0103, 0.0148], [0.0014, 0.0271, 0.0104, 0.0234, 0.0554, 0.0248, 0.0141, 0.0005, 0.0296, 0.0023, 0.0723, 0.0165, 0.0019, 0.0079, 0.0625, 0.0266], [0.0227, 0.0643, 0.0305, 0.0089, 0.0113, 0.1328, 0.0232, 0.0042, 0.0044, 0.0359, 0.1434, 0.0302, 0.0027, 0.0089, 0.0679, 0.0035], [0.0, 0.0, 0.0, 0.0, 0.0, 0.0, 0.0726, 0.0303, 0.0, 0.0, 0.0061, 0.0473, 0.0, 0.0, 0.0182, 0.0413], [0.0008, 0.0102, 0.0016, 0.0121, 0.0002, 0.0053, 0.055, 0.1831, 0.0495, 0.1299, 0.0084, 0.0119, 0.0021, 0.0795, 0.0133, 0.0067], [0.007, 0.009, 0.0333, 0.0084, 0.0713, 0.0275, 0.056, 0.0133, 0.2031, 0.1166, 0.068, 0.0025, 0.0274, 0.0952, 0.0188, 0.0709], [0.006, 0.0356, 0.0054, 0.0485, 0.0019, 0.0074, 0.0432, 0.0124, 0.0608, 0.1067, 0.0188, 0.0002, 0.0054, 0.0487, 0.013, 0.0179], [0.0029, 0.0258, 0.019, 0.0016, 0.007, 0.2332, 0.0442, 0.0, 0.0025, 0.0067, 0.2603, 0.0119, 0.0009, 0.0011, 0.109, 0.006], [0.0002, 0.0072, 0.0097, 0.0002, 0.0024, 0.0138, 0.0252, 0.0003, 0.0003, 0.0004, 0.0055, 0.0611, 0.0, 0.0, 0.0244, 0.0018], [0.0078, 0.1223, 0.001, 0.0819, 0.0089, 0.0097, 0.0554, 0.0042, 0.011, 0.0635, 0.0194, 0.0024, 0.1374, 0.0856, 0.0078, 0.0492], [0.0104, 0.1852, 0.0, 0.1374, 0.0444, 0.0004, 0.002, 0.0037, 0.0824, 0.1815, 0.0094, 0.0012, 0.2482, 0.2232, 0.0045, 0.0038], [0.0136, 0.1112, 0.0741, 0.0076, 0.0099, 0.0837, 0.0949, 0.0004, 0.0126, 0.0063, 0.0688, 0.0195, 0.0022, 0.0033, 0.2411, 0.0095], [0.0007, 0.0012, 0.0002, 0.0028, 0.0235, 0.0003, 0.0074, 0.0022, 0.0647, 0.0973, 0.0024, 0.0026, 0.0009, 0.0021, 0.0015, 0.1203]]}