{"aca_avg": 0.503, "aca_std": 0.0489, "kappa_avg": 0.5272, "kappa_std": 0.0779, "acc_class_avg": [0.6626, 0.3928, 0.4052, 0.551], "acc_class_std": [0.3, 0.255, 0.0923, 0.2303], "f1_avg_avg": 0.442, "f1_avg_std": 0.0558, "auc_avg_avg": 0.6628, "auc_avg_std": 0.0376, "auc_class_avg": [0.6202, 0.7082, 0.6948, 0.628], "auc_class_std": [0.2215, 0.1027, 0.0919, 0.1347], "f1_class_avg": [0.6058, 0.304, 0.5016, 0.3566], "f1_class_std": [0.2339, 0.1586, 0.0697, 0.0591], "sensitivity_class_avg": [0.6626, 0.3928, 0.4052, 0.551], "sensitivity_class_std": [0.3, 0.255, 0.0923, 0.2303], "sensitivity_avg_avg": 0.5029, "sensitivity_avg_std": 0.0489, "specificity_class_avg": [0.8394, 0.8072, 0.868, 0.8256], "specificity_class_std": [0.1042, 0.1474, 0.101, 0.1038], "specificity_avg_avg": 0.835, "specificity_avg_std": 0.0148, "cm_avg": [[426.8, 131.4, 43.2, 42.6], [110.8, 154.4, 74.0, 53.8], [92.6, 181.6, 345.8, 233.0], [33.8, 20.0, 50.4, 127.8]], "cm_std": [[193.1315, 181.6575, 69.5684, 49.4271], [86.2169, 100.205, 56.473, 41.2281], [69.5488, 146.4809, 78.7843, 124.7574], [25.2301, 26.5028, 17.1184, 53.4356]], "cm_norm_avg": [[0.6627, 0.204, 0.0671, 0.0661], [0.2819, 0.3929, 0.1883, 0.1369], [0.1086, 0.2129, 0.4054, 0.2732], [0.1457, 0.0862, 0.2172, 0.5509]], "cm_norm_std": [[0.2999, 0.2821, 0.108, 0.0768], [0.2194, 0.255, 0.1437, 0.1049], [0.0815, 0.1717, 0.0924, 0.1463], [0.1088, 0.1142, 0.0738, 0.2303]]}