{"aca_avg": 0.868, "aca_std": 0.0069, "kappa_avg": 0.8974, "kappa_std": 0.0162, "acc_class_avg": [0.9682, 0.9088, 0.8702, 0.9598, 0.889, 0.757, 0.8562, 0.7548, 0.8476], "acc_class_std": [0.0114, 0.0414, 0.0617, 0.0316, 0.056, 0.0864, 0.0839, 0.1057, 0.0565], "f1_avg_avg": 0.8646, "f1_avg_std": 0.006, "auc_avg_avg": 0.8612, "auc_avg_std": 0.0718, "auc_class_avg": [0.977, 0.9836, 0.8532, 0.791, 0.939, 0.7692, 0.8092, 0.8092, 0.8196], "auc_class_std": [0.0231, 0.0105, 0.0724, 0.1688, 0.0319, 0.0859, 0.1091, 0.0935, 0.1211], "f1_class_avg": [0.9374, 0.9244, 0.8574, 0.9606, 0.8696, 0.7994, 0.8344, 0.7288, 0.8692], "f1_class_std": [0.0182, 0.0283, 0.0262, 0.0192, 0.019, 0.0364, 0.0106, 0.0211, 0.0222], "sensitivity_class_avg": [0.9682, 0.9088, 0.8702, 0.9598, 0.889, 0.757, 0.8562, 0.7548, 0.8476], "sensitivity_class_std": [0.0114, 0.0414, 0.0617, 0.0316, 0.056, 0.0864, 0.0839, 0.1057, 0.0565], "sensitivity_avg_avg": 0.868, "sensitivity_avg_std": 0.007, "specificity_class_avg": [0.9888, 0.9932, 0.9792, 0.9952, 0.9848, 0.9792, 0.9812, 0.9634, 0.983], "specificity_class_std": [0.005, 0.0029, 0.0119, 0.0017, 0.0052, 0.01, 0.0121, 0.0198, 0.0087], "specificity_avg_avg": 0.9831, "specificity_avg_std": 0.0007, "cm_avg": [[10076.0, 101.8, 1.4, 3.6, 143.2, 48.4, 6.8, 25.4, 0.4], [149.4, 9603.8, 171.8, 43.8, 402.4, 85.8, 9.6, 60.6, 38.8], [33.2, 252.4, 10015.4, 132.8, 15.0, 176.4, 20.6, 733.8, 132.4], [1.4, 0.0, 172.0, 11092.8, 0.8, 0.6, 26.0, 34.4, 229.0], [409.6, 22.2, 67.6, 1.4, 7909.0, 75.8, 126.4, 113.6, 170.4], [352.6, 117.8, 437.8, 23.0, 88.4, 10246.2, 19.6, 2210.8, 39.8], [38.8, 0.8, 108.8, 44.0, 297.2, 1.8, 7503.8, 19.4, 748.4], [12.4, 104.2, 626.6, 8.6, 327.8, 1360.0, 21.8, 7885.0, 99.6], [23.2, 2.4, 249.2, 180.0, 102.2, 34.6, 1495.6, 94.6, 12135.2]], "cm_std": [[116.9632, 122.7492, 1.9596, 7.2, 105.3801, 91.8033, 5.7758, 11.1283, 0.8], [223.2564, 434.6518, 136.8304, 52.5334, 190.4947, 145.6659, 18.2055, 118.2042, 77.101], [29.6203, 66.1138, 711.4157, 76.0878, 8.9666, 85.6378, 23.1482, 734.7126, 35.5111], [1.8547, 0.0, 191.851, 364.1722, 1.1662, 0.8, 24.3803, 20.8, 327.8487], [226.2252, 30.4, 43.6193, 2.3324, 497.1543, 123.5951, 72.1266, 100.1371, 182.3037], [208.8335, 100.0908, 241.5661, 22.7947, 109.3537, 1168.14, 18.4347, 1175.1642, 13.6147], [48.6267, 1.1662, 85.7214, 21.5499, 91.4033, 2.4, 734.2875, 14.8943, 544.0462], [11.4123, 129.1718, 599.3946, 2.4166, 185.7454, 558.1924, 26.2176, 1103.0962, 56.3972], [20.3214, 3.2, 121.3712, 134.4366, 52.9128, 43.857, 1006.3074, 58.2189, 808.5229]], "cm_norm_avg": [[0.9682, 0.0098, 0.0001, 0.0003, 0.0138, 0.0047, 0.0007, 0.0024, 0.0], [0.0141, 0.9089, 0.0163, 0.0041, 0.0381, 0.0081, 0.0009, 0.0057, 0.0037], [0.0029, 0.0219, 0.87, 0.0115, 0.0013, 0.0153, 0.0018, 0.0637, 0.0115], [0.0001, 0.0, 0.0149, 0.9598, 0.0001, 0.0001, 0.0022, 0.003, 0.0198], [0.046, 0.0025, 0.0076, 0.0002, 0.8891, 0.0085, 0.0142, 0.0128, 0.0192], [0.026, 0.0087, 0.0323, 0.0017, 0.0065, 0.757, 0.0014, 0.1633, 0.0029], [0.0044, 0.0001, 0.0124, 0.005, 0.0339, 0.0002, 0.8563, 0.0022, 0.0854], [0.0012, 0.01, 0.06, 0.0008, 0.0314, 0.1302, 0.0021, 0.7548, 0.0095], [0.0016, 0.0002, 0.0174, 0.0126, 0.0071, 0.0024, 0.1045, 0.0066, 0.8476]], "cm_norm_std": [[0.0112, 0.0118, 0.0002, 0.0007, 0.0101, 0.0088, 0.0006, 0.0011, 0.0001], [0.0211, 0.0411, 0.013, 0.005, 0.018, 0.0138, 0.0017, 0.0112, 0.0073], [0.0026, 0.0057, 0.0618, 0.0066, 0.0008, 0.0074, 0.002, 0.0638, 0.0031], [0.0002, 0.0, 0.0166, 0.0315, 0.0001, 0.0001, 0.0021, 0.0018, 0.0284], [0.0254, 0.0034, 0.0049, 0.0003, 0.0559, 0.0139, 0.0081, 0.0113, 0.0205], [0.0154, 0.0074, 0.0178, 0.0017, 0.0081, 0.0863, 0.0014, 0.0868, 0.001], [0.0055, 0.0001, 0.0098, 0.0025, 0.0104, 0.0003, 0.0838, 0.0017, 0.0621], [0.0011, 0.0124, 0.0574, 0.0002, 0.0178, 0.0534, 0.0025, 0.1056, 0.0054], [0.0014, 0.0002, 0.0085, 0.0094, 0.0037, 0.0031, 0.0703, 0.0041, 0.0565]]}