{"aca_avg": 0.5039, "aca_std": 0.0414, "kappa_avg": 0.484, "kappa_std": 0.0565, "acc_class_avg": [0.6106, 0.6132, 0.3286, 0.4632], "acc_class_std": [0.045, 0.1229, 0.1152, 0.0831], "f1_avg_avg": 0.4747, "f1_avg_std": 0.0453, "auc_avg_avg": 0.685, "auc_avg_std": 0.0432, "auc_class_avg": [0.837, 0.7732, 0.6258, 0.5038], "auc_class_std": [0.0191, 0.0277, 0.0641, 0.1463], "f1_class_avg": [0.6738, 0.4536, 0.4142, 0.3572], "f1_class_std": [0.0349, 0.0324, 0.121, 0.0836], "sensitivity_class_avg": [0.6106, 0.6132, 0.3286, 0.4632], "sensitivity_class_std": [0.045, 0.1229, 0.1152, 0.0831], "sensitivity_avg_avg": 0.5039, "sensitivity_avg_std": 0.0413, "specificity_class_avg": [0.9122, 0.7468, 0.855, 0.816], "specificity_class_std": [0.0255, 0.1111, 0.0706, 0.1928], "specificity_avg_avg": 0.8325, "specificity_avg_std": 0.0131, "cm_avg": [[393.4, 114.6, 59.0, 77.0], [53.2, 241.0, 60.6, 38.2], [54.8, 285.0, 280.2, 233.0], [21.6, 38.6, 64.4, 107.4]], "cm_std": [[29.0833, 87.3787, 58.515, 88.6634], [6.1774, 48.3777, 41.0979, 64.4279], [23.1638, 133.9433, 98.4305, 218.3319], [20.0559, 19.4072, 15.5126, 19.2935]], "cm_norm_avg": [[0.6109, 0.178, 0.0916, 0.1196], [0.1354, 0.6132, 0.1542, 0.0972], [0.0642, 0.3341, 0.3285, 0.2732], [0.0931, 0.1664, 0.2776, 0.4629]], "cm_norm_std": [[0.0452, 0.1357, 0.0909, 0.1377], [0.0157, 0.1231, 0.1046, 0.1639], [0.0272, 0.157, 0.1154, 0.256], [0.0864, 0.0837, 0.0669, 0.0832]]}