{"aca_avg": 0.4804, "aca_std": 0.0348, "kappa_avg": 0.4986, "kappa_std": 0.1033, "acc_class_avg": [0.7088, 0.51, 0.3936, 0.3094], "acc_class_std": [0.1657, 0.1802, 0.2021, 0.1703], "f1_avg_avg": 0.4536, "f1_avg_std": 0.0422, "auc_avg_avg": 0.6652, "auc_avg_std": 0.0714, "auc_class_avg": [0.5624, 0.726, 0.6984, 0.6742], "auc_class_std": [0.2218, 0.0798, 0.044, 0.11], "f1_class_avg": [0.6688, 0.3986, 0.4394, 0.3074], "f1_class_std": [0.0543, 0.0543, 0.1413, 0.1552], "sensitivity_class_avg": [0.7088, 0.51, 0.3936, 0.3094], "sensitivity_class_std": [0.1657, 0.1802, 0.2021, 0.1703], "sensitivity_avg_avg": 0.4804, "sensitivity_avg_std": 0.0348, "specificity_class_avg": [0.8288, 0.7658, 0.8094, 0.9166], "specificity_class_std": [0.109, 0.1509, 0.1294, 0.0456], "specificity_avg_avg": 0.8302, "specificity_avg_std": 0.0096, "cm_avg": [[456.4, 99.2, 61.4, 27.0], [96.2, 200.4, 85.2, 11.2], [118.0, 280.0, 335.8, 119.2], [39.2, 26.0, 95.0, 71.8]], "cm_std": [[106.697, 100.9186, 72.0628, 23.7234], [58.489, 70.8649, 81.7176, 12.2213], [91.1329, 185.9656, 172.3791, 54.1605], [43.5908, 41.4681, 53.6805, 39.5039]], "cm_norm_avg": [[0.7087, 0.154, 0.0953, 0.0419], [0.2448, 0.5099, 0.2168, 0.0285], [0.1383, 0.3283, 0.3937, 0.1397], [0.169, 0.1121, 0.4095, 0.3095]], "cm_norm_std": [[0.1657, 0.1567, 0.1119, 0.0368], [0.1488, 0.1803, 0.2079, 0.0311], [0.1068, 0.218, 0.2021, 0.0635], [0.1879, 0.1787, 0.2314, 0.1703]]}