{"aca_avg": 0.7801, "aca_std": 0.0322, "kappa_avg": 0.7116, "kappa_std": 0.0207, "acc_class_avg": [0.8588, 0.6588, 0.7954, 0.633, 0.9176, 0.655, 0.982, 0.93, 0.6814, 0.7114, 0.6382, 0.9858, 0.568, 0.8362, 0.65, 0.9798], "acc_class_std": [0.0652, 0.1516, 0.0609, 0.0963, 0.0475, 0.1775, 0.0175, 0.0395, 0.0639, 0.1038, 0.1516, 0.0086, 0.0405, 0.1822, 0.0511, 0.006], "f1_avg_avg": 0.6919, "f1_avg_std": 0.0252, "auc_avg_avg": 0.8924, "auc_avg_std": 0.0114, "auc_class_avg": [0.9502, 0.8786, 0.8076, 0.8486, 0.888, 0.7988, 0.9414, 0.9826, 0.8242, 0.9394, 0.8502, 0.9548, 0.8926, 0.9712, 0.781, 0.9698], "auc_class_std": [0.0086, 0.026, 0.0446, 0.0163, 0.0227, 0.0613, 0.0077, 0.0052, 0.0305, 0.0124, 0.0464, 0.0099, 0.0156, 0.0034, 0.0178, 0.0033], "f1_class_avg": [0.8094, 0.588, 0.7162, 0.68, 0.8336, 0.527, 0.4184, 0.9492, 0.3976, 0.769, 0.3472, 0.9816, 0.6696, 0.6624, 0.7606, 0.961], "f1_class_std": [0.02, 0.0815, 0.0683, 0.0696, 0.0281, 0.0572, 0.1109, 0.0181, 0.1027, 0.0642, 0.0393, 0.0053, 0.019, 0.0556, 0.0391, 0.0156], "sensitivity_class_avg": [0.8588, 0.6588, 0.7954, 0.633, 0.9176, 0.655, 0.982, 0.93, 0.6814, 0.7114, 0.6382, 0.9858, 0.568, 0.8362, 0.65, 0.9798], "sensitivity_class_std": [0.0652, 0.1516, 0.0609, 0.0963, 0.0475, 0.1775, 0.0175, 0.0395, 0.0639, 0.1038, 0.1516, 0.0086, 0.0405, 0.1822, 0.0511, 0.006], "sensitivity_avg_avg": 0.7801, "sensitivity_avg_std": 0.0321, "specificity_class_avg": [0.9908, 0.9624, 0.9886, 0.9686, 0.9916, 0.9872, 0.9926, 0.9976, 0.9752, 0.9864, 0.9646, 0.997, 0.9862, 0.977, 0.9878, 0.994], "specificity_class_std": [0.0038, 0.0135, 0.0077, 0.0108, 0.0037, 0.0041, 0.0032, 0.0008, 0.0171, 0.0068, 0.0158, 0.0018, 0.0127, 0.0101, 0.0035, 0.0035], "specificity_avg_avg": 0.9842, "specificity_avg_std": 0.0015, "cm_avg": [[793.6, 3.6, 51.4, 10.6, 1.4, 10.2, 0.0, 0.0, 2.6, 7.2, 5.0, 0.2, 18.8, 10.4, 7.4, 1.6], [0.4, 1160.6, 0.0, 161.2, 48.8, 4.2, 11.0, 0.2, 51.0, 18.8, 22.8, 0.2, 158.8, 97.6, 25.2, 1.2], [21.4, 5.2, 532.0, 5.6, 5.0, 30.0, 0.0, 0.4, 0.2, 1.2, 38.6, 0.2, 0.0, 0.0, 29.2, 0.0], [118.0, 202.0, 41.4, 2196.0, 42.0, 42.2, 2.8, 33.0, 37.8, 246.8, 38.4, 0.2, 131.0, 232.8, 53.8, 51.8], [0.0, 5.0, 0.2, 10.2, 750.6, 7.2, 1.6, 0.0, 8.6, 0.0, 10.8, 2.8, 0.0, 9.0, 7.2, 4.8], [2.2, 0.0, 5.4, 1.6, 3.2, 287.6, 1.4, 0.4, 6.2, 1.6, 102.6, 3.4, 0.0, 0.0, 22.2, 1.2], [0.0, 0.0, 0.0, 0.0, 0.0, 0.0, 64.8, 0.0, 0.0, 0.0, 0.0, 0.2, 0.0, 0.0, 0.6, 0.4], [0.2, 0.6, 0.2, 5.0, 0.0, 6.4, 2.6, 1852.8, 61.0, 17.0, 4.8, 0.0, 0.4, 31.0, 5.8, 4.2], [2.2, 3.4, 6.8, 7.8, 10.0, 6.4, 1.4, 8.0, 221.4, 18.0, 4.2, 0.0, 7.6, 11.8, 0.0, 16.0], [10.4, 43.6, 0.2, 273.4, 1.4, 5.8, 4.8, 11.6, 349.8, 1858.8, 1.4, 0.0, 4.6, 27.2, 7.8, 12.2], [0.0, 6.6, 3.6, 0.2, 3.0, 67.6, 0.8, 0.0, 0.6, 0.0, 296.2, 2.0, 0.2, 0.0, 80.8, 2.4], [0.0, 0.0, 0.4, 0.0, 4.0, 26.8, 3.4, 0.0, 3.4, 0.0, 8.4, 3388.4, 0.0, 0.4, 2.2, 0.6], [2.6, 491.6, 0.4, 183.4, 35.6, 6.4, 1.4, 0.8, 48.4, 21.2, 109.8, 0.2, 1521.4, 196.0, 31.0, 27.8], [3.0, 8.6, 0.0, 13.4, 2.0, 1.2, 0.6, 0.0, 89.2, 4.8, 1.8, 0.0, 27.8, 786.8, 1.8, 0.0], [81.4, 212.6, 196.8, 92.2, 69.8, 132.0, 170.0, 0.4, 16.4, 2.4, 625.4, 59.4, 4.8, 11.8, 3168.6, 31.0], [2.4, 1.6, 0.4, 6.6, 9.2, 0.2, 1.2, 3.2, 13.2, 2.0, 0.0, 7.6, 0.0, 0.4, 3.4, 2513.6]], "cm_std": [[60.1418, 6.2482, 33.0793, 10.8554, 2.8, 5.5642, 0.0, 0.0, 2.8, 8.8408, 2.7568, 0.4, 25.5374, 3.9294, 5.678, 1.2], [0.4899, 266.776, 0.0, 112.5813, 38.7061, 2.7857, 12.6174, 0.4, 73.7319, 15.9424, 18.4543, 0.4, 87.8326, 45.2707, 22.807, 0.7483], [14.988, 4.1665, 40.6694, 7.0029, 4.858, 27.5318, 0.0, 0.8, 0.4, 2.4, 20.195, 0.4, 0.0, 0.0, 12.7812, 0.0], [62.5971, 99.2955, 31.8346, 334.67, 22.7068, 17.3136, 2.9257, 14.9399, 38.6078, 146.8692, 27.1706, 0.4, 195.438, 110.3764, 39.2907, 37.1667], [0.0, 3.4641, 0.4, 12.5921, 38.6813, 6.4312, 2.3324, 0.0, 6.5605, 0.0, 3.8158, 1.1662, 0.0, 5.5498, 10.98, 2.4], [1.1662, 0.0, 4.9234, 1.0198, 2.4819, 77.8784, 0.8, 0.4899, 5.1923, 1.6248, 71.4384, 5.3516, 0.0, 0.0, 7.0257, 1.4697], [0.0, 0.0, 0.0, 0.0, 0.0, 0.0, 1.1662, 0.0, 0.0, 0.0, 0.0, 0.4, 0.0, 0.0, 0.8, 0.8], [0.4, 1.2, 0.4, 5.5136, 0.0, 5.2383, 3.7736, 78.8578, 34.5196, 19.8796, 4.2615, 0.0, 0.8, 28.6147, 2.7857, 3.544], [2.8566, 5.3516, 4.6217, 3.3106, 2.1909, 7.1162, 1.0198, 1.7889, 20.7326, 6.5727, 2.9257, 0.0, 5.8515, 7.6785, 0.0, 13.2212], [7.4458, 26.1503, 0.4, 108.9745, 1.4967, 2.4819, 1.1662, 4.3174, 195.3719, 271.6221, 1.4967, 0.0, 7.2277, 16.4851, 2.6382, 8.9308], [0.0, 7.3376, 2.1541, 0.4, 4.0497, 54.3419, 1.1662, 0.0, 0.4899, 0.0, 70.2863, 2.2804, 0.4, 0.0, 44.7902, 3.4986], [0.0, 0.0, 0.8, 0.0, 3.6878, 19.2291, 3.9294, 0.0, 6.3119, 0.0, 10.4038, 29.2274, 0.0, 0.4899, 1.9391, 0.4899], [2.6533, 185.5744, 0.4899, 61.2131, 19.551, 6.0531, 1.3565, 1.6, 36.0144, 11.1068, 65.0428, 0.4, 108.4336, 121.8113, 30.9386, 13.8766], [3.2863, 7.4726, 0.0, 7.5525, 1.7889, 0.9798, 0.8, 0.0, 134.7656, 6.735, 2.2271, 0.0, 41.233, 171.4321, 2.6382, 0.0], [24.4262, 121.1191, 142.3817, 73.7818, 54.19, 38.2361, 77.0714, 0.4899, 5.3141, 2.0591, 331.7527, 38.6036, 5.671, 6.7646, 249.2682, 30.6594], [1.8547, 0.8, 0.8, 5.9867, 6.0133, 0.4, 0.7483, 3.1875, 7.7045, 0.8944, 0.0, 5.1614, 0.0, 0.4899, 5.8172, 15.2787]], "cm_norm_avg": [[0.8589, 0.0039, 0.0556, 0.0115, 0.0015, 0.011, 0.0, 0.0, 0.0028, 0.0078, 0.0054, 0.0002, 0.0203, 0.0113, 0.008, 0.0017], [0.0002, 0.6587, 0.0, 0.0915, 0.0277, 0.0024, 0.0062, 0.0001, 0.0289, 0.0107, 0.0129, 0.0001, 0.0901, 0.0554, 0.0143, 0.0007], [0.032, 0.0078, 0.7952, 0.0084, 0.0075, 0.0448, 0.0, 0.0006, 0.0003, 0.0018, 0.0577, 0.0003, 0.0, 0.0, 0.0436, 0.0], [0.034, 0.0582, 0.0119, 0.6329, 0.0121, 0.0122, 0.0008, 0.0095, 0.0109, 0.0711, 0.0111, 0.0001, 0.0378, 0.0671, 0.0155, 0.0149], [0.0, 0.0061, 0.0002, 0.0125, 0.9176, 0.0088, 0.002, 0.0, 0.0105, 0.0, 0.0132, 0.0034, 0.0, 0.011, 0.0088, 0.0059], [0.005, 0.0, 0.0123, 0.0036, 0.0073, 0.6551, 0.0032, 0.0009, 0.0141, 0.0036, 0.2337, 0.0077, 0.0, 0.0, 0.0506, 0.0027], [0.0, 0.0, 0.0, 0.0, 0.0, 0.0, 0.9818, 0.0, 0.0, 0.0, 0.0, 0.003, 0.0, 0.0, 0.0091, 0.0061], [0.0001, 0.0003, 0.0001, 0.0025, 0.0, 0.0032, 0.0013, 0.9301, 0.0306, 0.0085, 0.0024, 0.0, 0.0002, 0.0156, 0.0029, 0.0021], [0.0068, 0.0105, 0.0209, 0.024, 0.0308, 0.0197, 0.0043, 0.0246, 0.6812, 0.0554, 0.0129, 0.0, 0.0234, 0.0363, 0.0, 0.0492], [0.004, 0.0167, 0.0001, 0.1046, 0.0005, 0.0022, 0.0018, 0.0044, 0.1339, 0.7114, 0.0005, 0.0, 0.0018, 0.0104, 0.003, 0.0047], [0.0, 0.0142, 0.0078, 0.0004, 0.0065, 0.1457, 0.0017, 0.0, 0.0013, 0.0, 0.6384, 0.0043, 0.0004, 0.0, 0.1741, 0.0052], [0.0, 0.0, 0.0001, 0.0, 0.0012, 0.0078, 0.001, 0.0, 0.001, 0.0, 0.0024, 0.9856, 0.0, 0.0001, 0.0006, 0.0002], [0.001, 0.1836, 0.0001, 0.0685, 0.0133, 0.0024, 0.0005, 0.0003, 0.0181, 0.0079, 0.041, 0.0001, 0.5681, 0.0732, 0.0116, 0.0104], [0.0032, 0.0091, 0.0, 0.0142, 0.0021, 0.0013, 0.0006, 0.0, 0.0948, 0.0051, 0.0019, 0.0, 0.0295, 0.8361, 0.0019, 0.0], [0.0167, 0.0436, 0.0404, 0.0189, 0.0143, 0.0271, 0.0349, 0.0001, 0.0034, 0.0005, 0.1283, 0.0122, 0.001, 0.0024, 0.65, 0.0064], [0.0009, 0.0006, 0.0002, 0.0026, 0.0036, 0.0001, 0.0005, 0.0012, 0.0051, 0.0008, 0.0, 0.003, 0.0, 0.0002, 0.0013, 0.98]], "cm_norm_std": [[0.0651, 0.0068, 0.0358, 0.0117, 0.003, 0.006, 0.0, 0.0, 0.003, 0.0096, 0.003, 0.0004, 0.0276, 0.0043, 0.0061, 0.0013], [0.0003, 0.1514, 0.0, 0.0639, 0.022, 0.0016, 0.0072, 0.0002, 0.0418, 0.009, 0.0105, 0.0002, 0.0498, 0.0257, 0.0129, 0.0004], [0.0224, 0.0062, 0.0608, 0.0105, 0.0073, 0.0412, 0.0, 0.0012, 0.0006, 0.0036, 0.0302, 0.0006, 0.0, 0.0, 0.0191, 0.0], [0.018, 0.0286, 0.0092, 0.0964, 0.0065, 0.005, 0.0008, 0.0043, 0.0111, 0.0423, 0.0078, 0.0001, 0.0563, 0.0318, 0.0113, 0.0107], [0.0, 0.0042, 0.0005, 0.0154, 0.0473, 0.0079, 0.0029, 0.0, 0.008, 0.0, 0.0047, 0.0014, 0.0, 0.0068, 0.0134, 0.0029], [0.0027, 0.0, 0.0112, 0.0023, 0.0057, 0.1774, 0.0018, 0.0011, 0.0118, 0.0037, 0.1627, 0.0122, 0.0, 0.0, 0.016, 0.0033], [0.0, 0.0, 0.0, 0.0, 0.0, 0.0, 0.0177, 0.0, 0.0, 0.0, 0.0, 0.0061, 0.0, 0.0, 0.0121, 0.0121], [0.0002, 0.0006, 0.0002, 0.0028, 0.0, 0.0026, 0.0019, 0.0396, 0.0173, 0.01, 0.0021, 0.0, 0.0004, 0.0144, 0.0014, 0.0018], [0.0088, 0.0165, 0.0142, 0.0102, 0.0067, 0.0219, 0.0031, 0.0055, 0.0638, 0.0202, 0.009, 0.0, 0.018, 0.0236, 0.0, 0.0407], [0.0028, 0.01, 0.0002, 0.0417, 0.0006, 0.0009, 0.0004, 0.0017, 0.0748, 0.104, 0.0006, 0.0, 0.0028, 0.0063, 0.001, 0.0034], [0.0, 0.0158, 0.0046, 0.0009, 0.0087, 0.1171, 0.0025, 0.0, 0.0011, 0.0, 0.1515, 0.0049, 0.0009, 0.0, 0.0965, 0.0075], [0.0, 0.0, 0.0002, 0.0, 0.0011, 0.0056, 0.0011, 0.0, 0.0018, 0.0, 0.003, 0.0085, 0.0, 0.0001, 0.0006, 0.0001], [0.001, 0.0693, 0.0002, 0.0229, 0.0073, 0.0023, 0.0005, 0.0006, 0.0134, 0.0041, 0.0243, 0.0001, 0.0405, 0.0455, 0.0116, 0.0052], [0.0035, 0.0079, 0.0, 0.008, 0.0019, 0.001, 0.0009, 0.0, 0.1432, 0.0072, 0.0024, 0.0, 0.0438, 0.1822, 0.0028, 0.0], [0.005, 0.0248, 0.0292, 0.0151, 0.0111, 0.0078, 0.0158, 0.0001, 0.0011, 0.0004, 0.0681, 0.0079, 0.0012, 0.0014, 0.0511, 0.0063], [0.0007, 0.0003, 0.0003, 0.0023, 0.0023, 0.0002, 0.0003, 0.0012, 0.003, 0.0003, 0.0, 0.002, 0.0, 0.0002, 0.0023, 0.006]]}