{"aca_avg": 0.7921, "aca_std": 0.024, "kappa_avg": 0.8304, "kappa_std": 0.0695, "acc_class_avg": [0.9682, 0.8764, 0.6522, 0.9768, 0.87, 0.7272, 0.7696, 0.5692, 0.7188], "acc_class_std": [0.0163, 0.0379, 0.2467, 0.026, 0.0857, 0.1798, 0.1012, 0.1479, 0.0529], "f1_avg_avg": 0.7834, "f1_avg_std": 0.0274, "auc_avg_avg": 0.8826, "auc_avg_std": 0.0137, "auc_class_avg": [0.9744, 0.937, 0.8144, 0.9822, 0.9198, 0.8378, 0.871, 0.766, 0.841], "auc_class_std": [0.0082, 0.019, 0.1203, 0.0109, 0.0484, 0.0829, 0.0461, 0.0655, 0.039], "f1_class_avg": [0.9082, 0.9228, 0.6816, 0.9446, 0.8012, 0.6982, 0.747, 0.5966, 0.7504], "f1_class_std": [0.0417, 0.0226, 0.1927, 0.0078, 0.0922, 0.1029, 0.0499, 0.0846, 0.0964], "sensitivity_class_avg": [0.9682, 0.8764, 0.6522, 0.9768, 0.87, 0.7272, 0.7696, 0.5692, 0.7188], "sensitivity_class_std": [0.0163, 0.0379, 0.2467, 0.026, 0.0857, 0.1798, 0.1012, 0.1479, 0.0529], "sensitivity_avg_avg": 0.792, "sensitivity_avg_std": 0.024, "specificity_class_avg": [0.9804, 0.9972, 0.9764, 0.988, 0.9698, 0.949, 0.9722, 0.9626, 0.9636], "specificity_class_std": [0.0128, 0.0007, 0.0092, 0.0046, 0.0152, 0.0212, 0.0136, 0.026, 0.0359], "specificity_avg_avg": 0.9732, "specificity_avg_std": 0.0034, "cm_avg": [[10076.2, 84.0, 1.8, 0.0, 193.6, 7.4, 0.2, 43.8, 0.0], [386.2, 9259.6, 261.8, 51.8, 391.0, 121.2, 0.0, 51.0, 43.4], [72.6, 135.6, 7511.2, 389.4, 296.4, 1309.2, 38.6, 396.6, 1362.4], [0.4, 0.0, 68.0, 11289.2, 1.2, 0.6, 5.6, 0.6, 191.4], [625.6, 1.8, 132.8, 1.6, 7739.2, 33.0, 128.2, 189.2, 44.6], [536.4, 14.8, 320.6, 10.2, 225.6, 9842.4, 20.0, 2450.2, 115.8], [80.0, 0.8, 90.6, 100.0, 705.6, 2.2, 6744.0, 56.6, 983.2], [22.0, 0.2, 839.0, 22.6, 530.6, 2677.2, 32.6, 5946.8, 375.0], [37.6, 0.0, 383.0, 483.6, 407.8, 261.0, 2296.6, 155.8, 10291.6]], "cm_std": [[168.3073, 84.4985, 1.6, 0.0, 123.5599, 10.9289, 0.4, 65.8283, 0.0], [308.0113, 400.2997, 312.197, 50.5149, 255.8617, 181.3961, 0.0, 48.6415, 85.3079], [38.3228, 113.313, 2840.9824, 292.0785, 565.3578, 1061.1611, 64.3012, 220.7873, 2603.3995], [0.4899, 0.0, 49.2666, 299.582, 2.4, 0.8, 9.2, 0.4899, 316.6131], [915.4917, 1.3266, 103.5884, 2.7276, 761.9326, 25.3929, 212.7077, 178.7953, 67.0331], [240.9055, 10.5717, 257.3827, 5.3442, 146.1514, 2433.6291, 23.3495, 2285.4991, 198.4947], [109.4258, 0.4, 122.3055, 89.5433, 160.3828, 3.9192, 885.3609, 111.2018, 674.9413], [29.4483, 0.4, 508.2373, 28.7513, 275.3293, 1868.7119, 53.4663, 1544.4139, 674.4198], [25.1603, 0.0, 242.7443, 209.8329, 471.2814, 499.6327, 1215.5625, 202.1429, 755.8086]], "cm_norm_avg": [[0.9682, 0.0081, 0.0002, 0.0, 0.0186, 0.0007, 0.0, 0.0042, 0.0], [0.0366, 0.8764, 0.0248, 0.0049, 0.037, 0.0115, 0.0, 0.0048, 0.0041], [0.0063, 0.0118, 0.6525, 0.0338, 0.0257, 0.1137, 0.0034, 0.0345, 0.1183], [0.0, 0.0, 0.0059, 0.9768, 0.0001, 0.0001, 0.0005, 0.0001, 0.0166], [0.0703, 0.0002, 0.0149, 0.0002, 0.87, 0.0037, 0.0144, 0.0213, 0.005], [0.0396, 0.0011, 0.0237, 0.0008, 0.0167, 0.7271, 0.0015, 0.181, 0.0086], [0.0091, 0.0001, 0.0103, 0.0114, 0.0805, 0.0003, 0.7696, 0.0065, 0.1122], [0.0021, 0.0, 0.0803, 0.0022, 0.0508, 0.2563, 0.0031, 0.5693, 0.0359], [0.0026, 0.0, 0.0268, 0.0338, 0.0285, 0.0182, 0.1604, 0.0109, 0.7188]], "cm_norm_std": [[0.0162, 0.0081, 0.0002, 0.0, 0.0119, 0.0011, 0.0, 0.0063, 0.0], [0.0292, 0.0379, 0.0295, 0.0048, 0.0242, 0.0172, 0.0, 0.0046, 0.0081], [0.0033, 0.0098, 0.2468, 0.0254, 0.0491, 0.0922, 0.0056, 0.0192, 0.2261], [0.0, 0.0, 0.0043, 0.0259, 0.0002, 0.0001, 0.0008, 0.0, 0.0274], [0.1029, 0.0001, 0.0116, 0.0003, 0.0856, 0.0029, 0.0239, 0.0201, 0.0075], [0.0178, 0.0008, 0.019, 0.0004, 0.0108, 0.1798, 0.0017, 0.1688, 0.0147], [0.0125, 0.0, 0.014, 0.0102, 0.0183, 0.0004, 0.101, 0.0127, 0.077], [0.0028, 0.0, 0.0487, 0.0028, 0.0264, 0.1789, 0.0051, 0.1478, 0.0646], [0.0018, 0.0, 0.017, 0.0147, 0.0329, 0.0349, 0.0849, 0.0141, 0.0528]]}