{"aca_avg": 0.6941, "aca_std": 0.0381, "kappa_avg": 0.5764, "kappa_std": 0.0498, "acc_class_avg": [0.8882, 0.7068, 0.625, 0.393, 0.6632, 0.5556, 0.9698, 0.8826, 0.4564, 0.776, 0.5034, 0.972, 0.423, 0.7728, 0.5562, 0.9604], "acc_class_std": [0.0477, 0.1026, 0.0932, 0.2007, 0.2343, 0.178, 0.0168, 0.0594, 0.1683, 0.1117, 0.1572, 0.0246, 0.1799, 0.0795, 0.0864, 0.0459], "f1_avg_avg": 0.6069, "f1_avg_std": 0.0348, "auc_avg_avg": 0.8366, "auc_avg_std": 0.02, "auc_class_avg": [0.9324, 0.8116, 0.8058, 0.6808, 0.8274, 0.765, 0.9802, 0.9394, 0.7206, 0.8744, 0.739, 0.983, 0.7044, 0.8714, 0.7732, 0.9772], "auc_class_std": [0.0218, 0.0494, 0.0423, 0.0902, 0.1141, 0.0835, 0.0093, 0.0289, 0.0806, 0.0521, 0.0753, 0.0105, 0.0879, 0.0354, 0.0432, 0.0216], "f1_class_avg": [0.6988, 0.483, 0.6246, 0.4522, 0.6656, 0.3516, 0.3522, 0.9136, 0.341, 0.7586, 0.3466, 0.9654, 0.5216, 0.5942, 0.6892, 0.9518], "f1_class_std": [0.0726, 0.0695, 0.1378, 0.1825, 0.1267, 0.0592, 0.1016, 0.0296, 0.0723, 0.0664, 0.0872, 0.0098, 0.166, 0.0627, 0.0724, 0.0182], "sensitivity_class_avg": [0.8882, 0.7068, 0.625, 0.393, 0.6632, 0.5556, 0.9698, 0.8826, 0.4564, 0.776, 0.5034, 0.972, 0.423, 0.7728, 0.5562, 0.9604], "sensitivity_class_std": [0.0477, 0.1026, 0.0932, 0.2007, 0.2343, 0.178, 0.0168, 0.0594, 0.1683, 0.1117, 0.1572, 0.0246, 0.1799, 0.0795, 0.0864, 0.0459], "sensitivity_avg_avg": 0.694, "sensitivity_avg_std": 0.0381, "specificity_class_avg": [0.9766, 0.9166, 0.9866, 0.9684, 0.9914, 0.9736, 0.9908, 0.9964, 0.985, 0.9724, 0.9744, 0.994, 0.9862, 0.97, 0.9898, 0.9944], "specificity_class_std": [0.0104, 0.0234, 0.0204, 0.0237, 0.0094, 0.0151, 0.0039, 0.0028, 0.0095, 0.017, 0.0154, 0.0053, 0.0073, 0.0129, 0.0023, 0.0036], "specificity_avg_avg": 0.9792, "specificity_avg_std": 0.0019, "cm_avg": [[820.6, 8.4, 20.0, 3.8, 0.4, 28.4, 0.0, 1.2, 0.4, 0.0, 25.4, 0.0, 0.6, 4.6, 7.4, 2.8], [5.8, 1245.6, 0.0, 155.0, 39.0, 10.0, 4.8, 0.0, 18.4, 42.4, 4.4, 1.0, 153.6, 70.4, 9.2, 2.4], [48.0, 15.2, 418.0, 4.4, 3.2, 64.6, 0.8, 0.0, 0.4, 0.8, 47.2, 7.6, 0.2, 0.0, 58.6, 0.0], [285.8, 483.4, 8.2, 1363.8, 38.2, 61.2, 1.0, 29.8, 29.0, 535.8, 36.0, 0.2, 149.8, 365.6, 48.6, 33.6], [3.6, 118.6, 0.2, 7.6, 542.6, 43.6, 4.8, 0.0, 18.6, 0.2, 16.6, 5.4, 0.4, 34.6, 3.2, 18.0], [22.0, 2.2, 1.4, 1.0, 2.2, 244.0, 1.6, 0.6, 6.4, 0.6, 116.0, 10.4, 0.2, 0.2, 29.4, 0.8], [0.0, 0.2, 0.0, 0.0, 0.0, 0.4, 64.0, 0.0, 0.0, 0.0, 0.0, 1.0, 0.0, 0.0, 0.2, 0.2], [2.0, 4.4, 0.0, 2.6, 0.2, 57.2, 15.0, 1758.2, 52.6, 19.0, 2.8, 0.6, 2.4, 68.4, 0.8, 5.8], [8.0, 14.6, 3.6, 10.2, 12.2, 7.0, 3.8, 9.8, 148.4, 33.4, 12.0, 1.0, 5.6, 26.6, 2.4, 26.4], [36.6, 81.0, 1.0, 127.4, 1.4, 30.8, 7.4, 20.4, 173.8, 2027.8, 2.6, 0.6, 12.6, 64.8, 10.8, 14.0], [2.8, 17.2, 2.2, 4.2, 15.8, 113.4, 15.8, 0.0, 0.8, 0.2, 233.6, 5.8, 0.2, 0.0, 49.8, 2.2], [1.2, 0.0, 1.4, 0.0, 5.6, 34.6, 18.4, 0.0, 0.4, 0.0, 30.2, 3342.2, 0.0, 0.0, 3.6, 0.4], [49.8, 778.2, 0.0, 287.8, 17.6, 12.4, 33.6, 31.8, 41.6, 33.0, 60.4, 0.6, 1132.6, 174.6, 9.0, 15.0], [13.6, 50.0, 0.0, 53.2, 2.2, 4.6, 0.2, 0.6, 36.8, 31.6, 2.6, 0.4, 17.6, 727.2, 0.2, 0.2], [151.2, 618.0, 330.8, 81.0, 84.8, 253.4, 154.6, 0.2, 20.4, 1.8, 344.0, 91.6, 6.2, 3.0, 2710.6, 23.4], [2.2, 4.4, 0.2, 34.8, 9.2, 1.0, 1.8, 1.2, 17.2, 3.4, 0.8, 19.6, 0.4, 3.4, 2.4, 2463.0]], "cm_std": [[43.9936, 11.4822, 13.4313, 3.544, 0.8, 35.1261, 0.0, 2.4, 0.4899, 0.0, 34.7367, 0.0, 1.2, 4.0792, 6.3435, 5.6], [7.5206, 180.7867, 0.0, 145.5637, 73.0233, 3.1623, 6.6753, 0.0, 16.8357, 38.4323, 5.3516, 1.5492, 71.581, 24.8564, 6.1123, 4.3174], [19.1625, 6.8527, 62.4372, 4.128, 3.6551, 73.107, 0.9798, 0.0, 0.8, 1.6, 56.3645, 8.1633, 0.4, 0.0, 25.8426, 0.0], [156.2708, 275.7554, 7.3048, 696.0515, 33.5821, 33.5464, 1.0954, 26.6338, 25.8844, 390.0305, 25.314, 0.4, 160.5321, 191.2021, 49.5927, 26.6578], [3.6111, 109.3739, 0.4, 5.8172, 191.6691, 30.9296, 4.3543, 0.0, 13.7928, 0.4, 22.4196, 2.6533, 0.8, 50.2737, 2.4819, 24.9239], [24.1413, 2.9933, 1.3565, 1.0954, 2.5612, 78.1409, 1.7436, 0.8, 5.7827, 0.4899, 95.505, 9.8914, 0.4, 0.4, 14.827, 0.7483], [0.0, 0.4, 0.0, 0.0, 0.0, 0.8, 1.0954, 0.0, 0.0, 0.0, 0.0, 1.2649, 0.0, 0.0, 0.4, 0.4], [1.4142, 5.4626, 0.0, 1.7436, 0.4, 66.0285, 12.2963, 118.5064, 82.6186, 23.2637, 3.0594, 0.8, 2.3324, 58.0159, 0.4, 10.1666], [3.8987, 10.4422, 2.4166, 6.2738, 3.3106, 3.1623, 2.0396, 10.8333, 54.7123, 16.9541, 10.8628, 1.0954, 5.748, 24.8564, 1.6248, 22.1323], [24.2454, 97.0278, 1.5492, 102.8953, 2.3324, 9.988, 7.0029, 25.5076, 117.2031, 292.2406, 3.8781, 0.4899, 10.5565, 74.949, 6.8527, 11.5758], [2.1354, 11.2321, 2.9933, 6.9109, 27.1175, 79.4723, 12.1062, 0.0, 1.1662, 0.4, 72.9893, 5.6, 0.4, 0.0, 35.5381, 2.3152], [1.9391, 0.0, 1.9596, 0.0, 6.3435, 47.1449, 16.2062, 0.0, 0.4899, 0.0, 59.4051, 85.5182, 0.0, 0.0, 2.3324, 0.4899], [54.7116, 293.1037, 0.0, 230.7478, 16.5964, 6.7112, 64.7166, 13.0138, 71.7512, 39.3853, 42.842, 0.8, 481.6599, 111.4802, 9.5289, 10.7145], [13.4551, 48.3859, 0.0, 88.2392, 2.3152, 3.8262, 0.4, 0.4899, 56.0514, 47.8188, 4.7159, 0.4899, 18.2055, 74.8155, 0.4, 0.4], [96.6259, 190.0726, 554.1864, 77.519, 112.5725, 279.4692, 51.7942, 0.4, 26.7776, 2.2271, 138.0768, 74.8802, 9.9679, 3.5214, 420.9155, 18.7681], [1.7205, 5.4626, 0.4, 47.2923, 8.5182, 1.0954, 0.7483, 0.7483, 23.4384, 2.3324, 1.1662, 36.2745, 0.4899, 3.3823, 2.7276, 117.9118]], "cm_norm_avg": [[0.8881, 0.0091, 0.0216, 0.0041, 0.0004, 0.0307, 0.0, 0.0013, 0.0004, 0.0, 0.0275, 0.0, 0.0006, 0.005, 0.008, 0.003], [0.0033, 0.7069, 0.0, 0.088, 0.0221, 0.0057, 0.0027, 0.0, 0.0104, 0.0241, 0.0025, 0.0006, 0.0872, 0.04, 0.0052, 0.0014], [0.0717, 0.0227, 0.6248, 0.0066, 0.0048, 0.0966, 0.0012, 0.0, 0.0006, 0.0012, 0.0706, 0.0114, 0.0003, 0.0, 0.0876, 0.0], [0.0824, 0.1393, 0.0024, 0.393, 0.011, 0.0176, 0.0003, 0.0086, 0.0084, 0.1544, 0.0104, 0.0001, 0.0432, 0.1054, 0.014, 0.0097], [0.0044, 0.145, 0.0002, 0.0093, 0.6633, 0.0533, 0.0059, 0.0, 0.0227, 0.0002, 0.0203, 0.0066, 0.0005, 0.0423, 0.0039, 0.022], [0.0501, 0.005, 0.0032, 0.0023, 0.005, 0.5558, 0.0036, 0.0014, 0.0146, 0.0014, 0.2642, 0.0237, 0.0005, 0.0005, 0.067, 0.0018], [0.0, 0.003, 0.0, 0.0, 0.0, 0.0061, 0.9697, 0.0, 0.0, 0.0, 0.0, 0.0152, 0.0, 0.0, 0.003, 0.003], [0.001, 0.0022, 0.0, 0.0013, 0.0001, 0.0287, 0.0075, 0.8826, 0.0264, 0.0095, 0.0014, 0.0003, 0.0012, 0.0343, 0.0004, 0.0029], [0.0246, 0.0449, 0.0111, 0.0314, 0.0375, 0.0215, 0.0117, 0.0302, 0.4566, 0.1028, 0.0369, 0.0031, 0.0172, 0.0818, 0.0074, 0.0812], [0.014, 0.031, 0.0004, 0.0488, 0.0005, 0.0118, 0.0028, 0.0078, 0.0665, 0.776, 0.001, 0.0002, 0.0048, 0.0248, 0.0041, 0.0054], [0.006, 0.0371, 0.0047, 0.0091, 0.0341, 0.2444, 0.0341, 0.0, 0.0017, 0.0004, 0.5034, 0.0125, 0.0004, 0.0, 0.1073, 0.0047], [0.0003, 0.0, 0.0004, 0.0, 0.0016, 0.0101, 0.0054, 0.0, 0.0001, 0.0, 0.0088, 0.9721, 0.0, 0.0, 0.001, 0.0001], [0.0186, 0.2906, 0.0, 0.1075, 0.0066, 0.0046, 0.0125, 0.0119, 0.0155, 0.0123, 0.0226, 0.0002, 0.4229, 0.0652, 0.0034, 0.0056], [0.0145, 0.0531, 0.0, 0.0565, 0.0023, 0.0049, 0.0002, 0.0006, 0.0391, 0.0336, 0.0028, 0.0004, 0.0187, 0.7728, 0.0002, 0.0002], [0.031, 0.1268, 0.0679, 0.0166, 0.0174, 0.052, 0.0317, 0.0, 0.0042, 0.0004, 0.0706, 0.0188, 0.0013, 0.0006, 0.556, 0.0048], [0.0009, 0.0017, 0.0001, 0.0136, 0.0036, 0.0004, 0.0007, 0.0005, 0.0067, 0.0013, 0.0003, 0.0076, 0.0002, 0.0013, 0.0009, 0.9602]], "cm_norm_std": [[0.0476, 0.0124, 0.0145, 0.0038, 0.0009, 0.038, 0.0, 0.0026, 0.0005, 0.0, 0.0376, 0.0, 0.0013, 0.0044, 0.0069, 0.0061], [0.0043, 0.1026, 0.0, 0.0826, 0.0414, 0.0018, 0.0038, 0.0, 0.0096, 0.0218, 0.003, 0.0009, 0.0406, 0.0141, 0.0035, 0.0025], [0.0286, 0.0102, 0.0933, 0.0062, 0.0055, 0.1093, 0.0015, 0.0, 0.0012, 0.0024, 0.0843, 0.0122, 0.0006, 0.0, 0.0386, 0.0], [0.045, 0.0795, 0.0021, 0.2006, 0.0097, 0.0097, 0.0003, 0.0077, 0.0075, 0.1124, 0.0073, 0.0001, 0.0463, 0.0551, 0.0143, 0.0077], [0.0044, 0.1337, 0.0005, 0.0071, 0.2343, 0.0378, 0.0053, 0.0, 0.0169, 0.0005, 0.0274, 0.0032, 0.001, 0.0615, 0.003, 0.0305], [0.055, 0.0068, 0.0031, 0.0025, 0.0058, 0.178, 0.004, 0.0018, 0.0132, 0.0011, 0.2176, 0.0225, 0.0009, 0.0009, 0.0338, 0.0017], [0.0, 0.0061, 0.0, 0.0, 0.0, 0.0121, 0.0166, 0.0, 0.0, 0.0, 0.0, 0.0192, 0.0, 0.0, 0.0061, 0.0061], [0.0007, 0.0027, 0.0, 0.0009, 0.0002, 0.0331, 0.0062, 0.0595, 0.0415, 0.0117, 0.0015, 0.0004, 0.0012, 0.0291, 0.0002, 0.0051], [0.012, 0.0321, 0.0074, 0.0193, 0.0102, 0.0097, 0.0063, 0.0333, 0.1683, 0.0522, 0.0334, 0.0034, 0.0177, 0.0765, 0.005, 0.0681], [0.0093, 0.0371, 0.0006, 0.0394, 0.0009, 0.0038, 0.0027, 0.0098, 0.0449, 0.1118, 0.0015, 0.0002, 0.004, 0.0287, 0.0026, 0.0044], [0.0046, 0.0242, 0.0065, 0.0149, 0.0584, 0.1713, 0.0261, 0.0, 0.0025, 0.0009, 0.1573, 0.0121, 0.0009, 0.0, 0.0766, 0.005], [0.0006, 0.0, 0.0006, 0.0, 0.0018, 0.0137, 0.0047, 0.0, 0.0001, 0.0, 0.0173, 0.0249, 0.0, 0.0, 0.0007, 0.0001], [0.0204, 0.1094, 0.0, 0.0862, 0.0062, 0.0025, 0.0242, 0.0049, 0.0268, 0.0147, 0.016, 0.0003, 0.1799, 0.0416, 0.0036, 0.004], [0.0143, 0.0514, 0.0, 0.0938, 0.0025, 0.0041, 0.0004, 0.0005, 0.0596, 0.0508, 0.005, 0.0005, 0.0193, 0.0795, 0.0004, 0.0004], [0.0198, 0.039, 0.1137, 0.0159, 0.0231, 0.0573, 0.0106, 0.0001, 0.0055, 0.0005, 0.0283, 0.0154, 0.002, 0.0007, 0.0863, 0.0038], [0.0007, 0.0021, 0.0002, 0.0184, 0.0033, 0.0004, 0.0003, 0.0003, 0.0091, 0.0009, 0.0005, 0.0141, 0.0002, 0.0013, 0.0011, 0.046]]}